0.024000 0.005000 0.048500 48 42 967.022924 0.042700 22.673091 0.881081 289.083548
0.036000 0.005000 0.072200 72 65 1447.819150 0.065300 22.162096 0.904801 227.509394
0.048000 0.005000 0.093200 93 82 1797.481500 0.082600 21.773086 0.886332 206.066645
0.060000 0.005000 0.110700 110 99 4701.893739 0.099300 47.358046 0.897227 207.923148
0.072000 0.005000 0.142900 142 122 3780.423296 0.122500 30.850497 0.857251 184.177868
0.084000 0.005000 0.162100 162 141 4108.280446 0.141500 29.028343 0.873020 174.177337
0.096000 0.005000 0.185600 185 160 5034.980701 0.160400 31.376364 0.864276 169.043695
0.120000 0.005000 0.224700 224 194 12650.900231 0.194600 64.919483 0.866039 170.850019
0.132000 0.005000 0.252200 252 214 12884.127297 0.214600 60.202890 0.850963 159.477659
0.144000 0.005000 0.273700 273 230 13335.267003 0.230800 57.744512 0.843316 156.410481
0.168000 0.005000 0.317500 317 271 17925.277089 0.271400 66.046273 0.854813 128.379971
0.180000 0.005000 0.337000 337 283 20848.903207 0.283700 73.516935 0.841894 127.217867
0.192000 0.005000 0.362000 362 308 18668.106318 0.308400 60.541121 0.851966 124.403343
0.204000 0.005000 0.381100 381 326 21177.759391 0.326800 64.840712 0.857537 122.582642
0.228000 0.005000 0.427400 427 356 27355.045427 0.356300 76.819160 0.833622 123.044727
0.240000 0.005000 0.448500 448 365 30855.414039 0.365400 84.423562 0.814740 124.011492
0.252000 0.005000 0.473000 473 385 28483.301546 0.385800 73.846956 0.815699 120.736513
0.264000 0.005000 0.492900 492 399 32095.617925 0.399400 80.365537 0.810456 121.146340
0.276000 0.005000 0.516800 516 401 39075.343175 0.401700 97.254263 0.777313 121.876033
0.288000 0.005000 0.535500 535 421 42345.956513 0.421400 100.620239 0.787058 119.853143
0.300000 0.005000 0.556500 556 431 44124.521558 0.431000 102.359426 0.774662 119.485604
0.324000 0.005000 0.600700 600 437 55118.473946 0.437600 126.145167 0.728485 120.897796
0.336000 0.005000 0.625900 625 438 55742.171506 0.438400 127.404542 0.700509 121.693962
0.348000 0.005000 0.646500 646 452 67783.157122 0.452300 149.937079 0.699865 120.534864
0.360000 0.005000 0.667100 667 454 65464.057969 0.454600 144.208849 0.681679 119.969053
0.372000 0.005000 0.687500 687 464 69740.271552 0.464700 150.153772 0.676045 119.259359
0.384000 0.005000 0.712200 712 463 76673.949928 0.463600 166.109870 0.651114 119.669931
