0.024000 0.050000 0.048000 48 34 152.337008 0.034600 4.402852 0.720833 337.526073
0.036000 0.050000 0.072000 72 52 240.175873 0.052500 4.572532 0.729167 268.116669
0.048000 0.050000 0.092000 92 68 310.931358 0.068600 4.532063 0.745652 236.821932
0.060000 0.050000 0.112000 112 61 706.194791 0.061200 11.705106 0.546429 289.803818
0.072000 0.050000 0.138000 138 104 479.603789 0.104100 4.606859 0.754348 202.355377
0.084000 0.050000 0.158000 158 117 557.429213 0.117700 4.735150 0.744937 197.977654
0.096000 0.050000 0.179000 179 138 644.390670 0.138900 4.639327 0.775978 184.072111
0.120000 0.050000 0.222000 222 120 1020.168084 0.120400 8.450648 0.542343 240.436199
0.132000 0.050000 0.246000 246 188 857.451919 0.188100 4.558172 0.764634 173.820030
0.144000 0.050000 0.268000 268 193 913.294848 0.193200 4.725633 0.720896 176.459140
0.168000 0.050000 0.312000 312 212 1119.624079 0.212600 5.263975 0.681410 172.774476
0.180000 0.050000 0.332000 332 177 1247.376019 0.177300 7.029056 0.534036 226.427589
0.192000 0.050000 0.353000 353 238 1128.214629 0.238500 4.729820 0.675638 185.235309
0.204000 0.050000 0.376000 376 250 1243.013059 0.250900 4.953980 0.667287 183.494673
0.228000 0.050000 0.420000 420 281 1581.594246 0.281700 5.616469 0.670714 169.124309
0.240000 0.050000 0.442000 442 239 1570.299671 0.239400 6.558702 0.541629 213.844370
0.252000 0.050000 0.463000 463 299 1472.256130 0.299200 4.919204 0.646220 186.694374
0.264000 0.050000 0.486000 486 287 1755.833351 0.287000 6.117471 0.590535 194.539509
0.276000 0.050000 0.507000 507 338 1772.219292 0.338600 5.234930 0.667850 169.001239
0.288000 0.050000 0.529000 529 346 1718.361724 0.346700 4.957564 0.655387 157.645432
0.300000 0.050000 0.552000 552 290 1816.874520 0.290500 6.250647 0.526268 213.965703
0.324000 0.050000 0.594000 594 328 2174.368718 0.328500 6.619203 0.553030 193.268291
0.336000 0.050000 0.616000 616 399 2107.931083 0.399300 5.281078 0.648214 165.512800
0.348000 0.050000 0.637000 637 410 1956.541247 0.410100 4.769563 0.643799 159.375205
0.360000 0.050000 0.659000 659 325 2033.670678 0.325800 6.234098 0.494385 222.209282
0.372000 0.050000 0.683000 683 390 2429.390157 0.390800 6.215289 0.572182 185.330260
0.384000 0.050000 0.703000 703 370 2584.556852 0.370000 6.984933 0.526316 201.172080
