0.001000 0.005000 0.028000 28 11 10123.969005 0.011000 920.360819 0.392857 10889.478461 989.952587 
0.001000 0.005000 0.028000 28 11 11117.693369 0.011000 1010.699397 0.392857 11031.754793 1002.886799 
0.001000 0.005000 0.028000 28 11 10110.228133 0.011000 919.111648 0.392857 10884.300597 989.481872 
0.001000 0.005000 0.030000 30 13 11225.324732 0.013000 863.486518 0.433333 11253.098896 865.622992 
0.001000 0.005000 0.029000 29 14 12233.701137 0.014000 873.835796 0.482759 11335.365150 809.668939 
0.001000 0.005000 0.028000 28 13 12355.265688 0.013000 950.405053 0.464286 11368.157646 874.473665 
0.001000 0.005000 0.030000 30 13 10226.593429 0.013000 786.661033 0.433333 10920.832185 840.064014 
0.001000 0.005000 0.030000 30 12 11167.124263 0.012000 930.593689 0.400000 10996.986728 916.415561 
0.001000 0.005000 0.030000 30 14 11328.196252 0.014000 809.156875 0.466667 11033.965098 788.140364 
0.001000 0.005000 0.030000 30 11 10132.937495 0.011000 921.176136 0.366667 10910.753678 991.886698 
0.002000 0.005000 0.050000 50 20 8014.431638 0.020000 400.721582 0.400000 13479.516553 673.975828 
0.002000 0.005000 0.050000 50 17 8363.488427 0.017000 491.969907 0.340000 13280.187075 781.187475 
0.002000 0.005000 0.048000 48 18 7950.667280 0.018000 441.703738 0.375000 13298.977285 738.832071 
0.002000 0.005000 0.048000 48 17 5729.847893 0.017000 337.049876 0.354167 12315.846782 724.461575 
0.002000 0.005000 0.050000 50 17 7356.597374 0.017000 432.741022 0.340000 13002.193184 764.834893 
0.002000 0.005000 0.050000 50 17 7326.660431 0.017000 430.980025 0.340000 12864.460575 756.732975 
0.002000 0.005000 0.046000 46 16 6252.184346 0.016000 390.761522 0.347826 12553.646256 784.602891 
0.002000 0.005000 0.048000 48 19 7890.703322 0.019000 415.300175 0.395833 13268.896563 698.362977 
0.002000 0.005000 0.048000 48 18 7840.474698 0.018000 435.581928 0.375000 13402.095522 744.560862 
0.002000 0.005000 0.050000 50 21 9145.756381 0.021000 435.512209 0.420000 13313.761827 633.988658 
0.003000 0.005000 0.070000 70 30 9458.783557 0.030000 315.292785 0.428571 17261.228266 575.374276 
0.003000 0.005000 0.070000 70 28 9500.172334 0.028000 339.291869 0.400000 17355.792821 619.849744 
0.003000 0.005000 0.074000 74 31 9248.605817 0.031000 298.342123 0.418919 17061.625014 550.375000 
0.003000 0.005000 0.071000 71 31 9180.471133 0.031000 296.144230 0.436620 17009.034868 548.678544 
0.003000 0.005000 0.070000 70 28 8988.796155 0.028000 321.028434 0.400000 17143.815987 612.279142 
0.003000 0.005000 0.072000 72 29 9085.294750 0.029000 313.286026 0.402778 17088.506816 589.258856 
0.003000 0.005000 0.072000 72 30 9073.364080 0.030000 302.445469 0.416667 17022.784315 567.426144 
0.003000 0.005000 0.070000 70 32 8936.320683 0.032000 279.260021 0.457143 16959.065829 529.970807 
0.003000 0.005000 0.071000 71 30 9607.596786 0.030000 320.253226 0.422535 17435.810771 581.193692 
0.003000 0.005000 0.068000 68 28 9766.549506 0.028000 348.805340 0.411765 17503.706258 625.132366 
0.004000 0.005000 0.092000 92 44 9285.950455 0.044000 211.044329 0.478261 20709.618250 470.673142 
0.004000 0.005000 0.092000 92 45 10332.505102 0.045000 229.611224 0.489130 21283.078006 472.957289 
0.004000 0.005000 0.092000 92 43 9178.330012 0.043000 213.449535 0.467391 20684.936255 481.045029 
0.004000 0.005000 0.090000 90 45 9989.500060 0.045000 221.988890 0.500000 21153.359314 470.074651 
0.004000 0.005000 0.092000 92 44 10351.369277 0.044000 235.258393 0.478261 21524.701763 489.197767 
0.004000 0.005000 0.092000 92 42 9052.714636 0.042000 215.540825 0.456522 21130.697014 503.111834 
0.004000 0.005000 0.090000 90 43 8673.449469 0.043000 201.708127 0.477778 20594.060739 478.931645 
0.004000 0.005000 0.094000 94 46 9847.157366 0.046000 214.068638 0.489362 21023.930328 457.041964 
0.004000 0.005000 0.092000 92 42 9862.347121 0.042000 234.817789 0.456522 21309.491643 507.368849 
0.004000 0.005000 0.091000 91 45 10169.581936 0.045000 225.990710 0.494505 21164.377806 470.319507 
0.005000 0.005000 0.108000 108 54 8806.051220 0.054000 163.075023 0.500000 22756.423051 421.415242 
0.005000 0.005000 0.112000 112 54 8211.262308 0.054000 152.060413 0.482143 22341.610017 413.733519 
0.005000 0.005000 0.110000 110 55 9422.497291 0.055000 171.318133 0.500000 23061.099776 419.292723 
0.005000 0.005000 0.113000 113 56 8964.370371 0.056000 160.078042 0.495575 23008.927637 410.873708 
0.005000 0.005000 0.110000 110 56 10159.463659 0.056000 181.418994 0.509091 23155.256041 413.486715 
0.005000 0.005000 0.111000 111 62 10077.215490 0.062000 162.535734 0.558559 22705.848693 366.223366 
0.005000 0.005000 0.111000 111 52 8182.015216 0.052000 157.346446 0.468468 22039.068330 423.828237 
0.005000 0.005000 0.108000 108 58 10341.347844 0.058000 178.299101 0.537037 23692.613711 408.493340 
0.005000 0.005000 0.108000 108 58 8455.657833 0.058000 145.787204 0.537037 22855.959057 394.068260 
0.005000 0.005000 0.110000 110 58 8843.251898 0.058000 152.469860 0.527273 23038.108213 397.208762 
0.006000 0.005000 0.143000 143 63 9573.522769 0.063000 151.960679 0.440559 26750.404250 424.609591 
0.006000 0.005000 0.137000 137 67 8979.209221 0.067000 134.018048 0.489051 26373.562098 393.635255 
0.006000 0.005000 0.142000 142 61 9693.096159 0.061000 158.903216 0.429577 27035.720461 443.208532 
0.006000 0.005000 0.140000 140 61 10688.485491 0.061000 175.221074 0.435714 27872.509190 456.926380 
0.006000 0.005000 0.136000 136 61 9613.655672 0.061000 157.600913 0.448529 26470.190036 433.937542 
0.006000 0.005000 0.144000 144 66 9385.772849 0.066000 142.208680 0.458333 26867.775682 407.087510 
0.006000 0.005000 0.140000 140 62 9939.988368 0.062000 160.322393 0.442857 27376.858294 441.562231 
0.006000 0.005000 0.138000 138 66 10523.060012 0.066000 159.440303 0.478261 27513.183940 416.866423 
0.006000 0.005000 0.138000 138 65 9250.727674 0.065000 142.318887 0.471014 25487.620209 392.117234 
0.006000 0.005000 0.142000 142 66 10516.727530 0.066000 159.344357 0.464789 27692.054073 419.576577 
0.007000 0.005000 0.164000 164 77 10761.362204 0.077000 139.757951 0.469512 30870.693064 400.918092 
0.007000 0.005000 0.162000 162 80 10555.724275 0.080000 131.946553 0.493827 30378.574792 379.732185 
0.007000 0.005000 0.164000 164 73 10035.399645 0.073000 137.471228 0.445122 30435.944622 416.930748 
0.007000 0.005000 0.163000 163 71 9937.954372 0.071000 139.971188 0.435583 30254.520912 426.120013 
0.007000 0.005000 0.162000 162 81 10312.591678 0.081000 127.315947 0.500000 30300.224711 374.076848 
0.007000 0.005000 0.162000 162 76 10454.693110 0.076000 137.561751 0.469136 30552.401615 402.005284 
0.007000 0.005000 0.160000 160 75 9375.867629 0.075000 125.011568 0.468750 29851.899205 398.025323 
0.007000 0.005000 0.164000 164 75 10416.386687 0.075000 138.885156 0.457317 31011.025596 413.480341 
0.007000 0.005000 0.162000 162 77 10323.493286 0.077000 134.071341 0.475309 30809.858921 400.128038 
0.007000 0.005000 0.164000 164 81 10368.401218 0.081000 128.004953 0.493902 30550.559500 377.167401 
0.008000 0.005000 0.186000 186 93 10186.235537 0.093000 109.529414 0.500000 33073.787540 355.632124 
0.008000 0.005000 0.188000 188 92 11340.703885 0.092000 123.268520 0.489362 33829.568723 367.712704 
0.008000 0.005000 0.185000 185 94 11472.955627 0.094000 122.052719 0.508108 33113.090828 352.266924 
0.008000 0.005000 0.182000 182 90 10875.342077 0.090000 120.837134 0.494505 33627.140255 373.634892 
0.008000 0.005000 0.186000 186 89 11135.900289 0.089000 125.122475 0.478495 33722.411528 378.903500 
0.008000 0.005000 0.188000 188 88 10565.217530 0.088000 120.059290 0.468085 33432.230897 379.911715 
0.008000 0.005000 0.182000 182 88 10331.790417 0.088000 117.406709 0.483516 33460.159473 380.229085 
0.008000 0.005000 0.184000 184 90 11614.069860 0.090000 129.045221 0.489130 33678.300602 374.203340 
0.008000 0.005000 0.186000 186 84 10791.514276 0.084000 128.470408 0.451613 33731.000093 401.559525 
0.008000 0.005000 0.188000 188 93 11477.448213 0.093000 123.413422 0.494681 34116.458929 366.843644 
0.009000 0.005000 0.208000 208 103 11253.512659 0.103000 109.257404 0.495192 37043.578374 359.646392 
0.009000 0.005000 0.204000 204 102 10564.881453 0.102000 103.577269 0.500000 36792.269201 360.708522 
0.009000 0.005000 0.206000 206 100 10634.023298 0.100000 106.340233 0.485437 36642.331023 366.423310 
0.009000 0.005000 0.208000 208 107 11762.746963 0.107000 109.932215 0.514423 37661.205181 351.973880 
0.009000 0.005000 0.202000 202 97 10541.964321 0.097000 108.680045 0.480198 36365.941563 374.906614 
0.009000 0.005000 0.202000 202 102 11192.557923 0.102000 109.730960 0.504950 37145.489474 364.171465 
0.009000 0.005000 0.205000 205 96 11320.964555 0.096000 117.926714 0.468293 36948.496610 384.880173 
0.009000 0.005000 0.206000 206 102 10697.871615 0.102000 104.881094 0.495146 35930.849358 352.263229 
0.009000 0.005000 0.202000 202 97 11681.852322 0.097000 120.431467 0.480198 37077.735198 382.244693 
0.009000 0.005000 0.208000 208 99 11440.382684 0.099000 115.559421 0.475962 37778.286929 381.598858 
0.010000 0.005000 0.221000 221 116 13130.283862 0.116000 113.192102 0.524887 38993.173086 336.148044 
0.010000 0.005000 0.228000 228 115 15135.362149 0.115000 131.611845 0.504386 39997.332277 347.802889 
0.010000 0.005000 0.213000 213 114 12620.422082 0.114000 110.705457 0.535211 39175.272465 343.642741 
0.010000 0.005000 0.220000 220 109 13241.537833 0.109000 121.481998 0.495455 40943.983934 375.632880 
0.010000 0.005000 0.226000 226 113 14803.239756 0.113000 131.002122 0.500000 39159.434618 346.543669 
0.010000 0.005000 0.225000 225 119 13780.932927 0.119000 115.806159 0.528889 41013.387423 344.650314 
0.010000 0.005000 0.223000 223 116 14485.173489 0.116000 124.872185 0.520179 40476.403473 348.934513 
0.010000 0.005000 0.224000 224 115 16453.350952 0.115000 143.072617 0.513393 41281.892669 358.972980 
0.010000 0.005000 0.224000 224 117 12927.444229 0.117000 110.490976 0.522321 39101.573355 334.201482 
0.010000 0.005000 0.225000 225 115 14142.207128 0.115000 122.975714 0.511111 39990.017494 347.739283 
0.011000 0.005000 0.245000 245 121 11386.666697 0.121000 94.104683 0.493878 43444.499410 359.045450 
0.011000 0.005000 0.247000 247 116 12106.471102 0.116000 104.366130 0.469636 43154.486005 372.021431 
0.011000 0.005000 0.251000 251 125 11943.410464 0.125000 95.547284 0.498008 44819.015408 358.552123 
0.011000 0.005000 0.250000 250 131 13605.292828 0.131000 103.857197 0.524000 43633.102104 333.077115 
0.011000 0.005000 0.256000 256 122 14114.583880 0.122000 115.693310 0.476562 43685.579335 358.078519 
0.011000 0.005000 0.240000 240 131 13931.467593 0.131000 106.347081 0.545833 43877.799163 334.945032 
0.011000 0.005000 0.251000 251 114 11312.386795 0.114000 99.231463 0.454183 43881.171354 384.922556 
0.011000 0.005000 0.245000 245 118 11344.711659 0.118000 96.141624 0.481633 42641.551253 361.369078 
0.011000 0.005000 0.253000 253 125 12116.254273 0.125000 96.930034 0.494071 43634.827348 349.078619 
0.011000 0.005000 0.240000 240 120 11534.597957 0.120000 96.121650 0.500000 42612.460496 355.103837 
0.012000 0.005000 0.274000 274 131 13541.450704 0.131000 103.369853 0.478102 46988.407130 358.690131 
0.012000 0.005000 0.271000 271 133 15247.624342 0.133000 114.643792 0.490775 47452.448375 356.785326 
0.012000 0.005000 0.271000 271 133 14604.756629 0.133000 109.810200 0.490775 45938.764279 345.404243 
0.012000 0.005000 0.271000 271 136 12345.237905 0.136000 90.773808 0.501845 46489.084658 341.831505 
0.012000 0.005000 0.274000 274 141 14519.855428 0.141000 102.977698 0.514599 46269.398548 328.151763 
0.012000 0.005000 0.276000 276 128 13559.597858 0.128000 105.934358 0.463768 46115.452436 360.276972 
0.012000 0.005000 0.274000 274 131 13350.631205 0.131000 101.913215 0.478102 46564.038397 355.450675 
0.012000 0.005000 0.276000 276 141 13957.295024 0.141000 98.987908 0.510870 46998.735098 333.324362 
0.012000 0.005000 0.274000 274 139 15541.485339 0.139000 111.809247 0.507299 46781.039961 336.554244 
0.012000 0.005000 0.271000 271 138 12586.451940 0.138000 91.206173 0.509225 46798.784429 339.121626 
0.013000 0.005000 0.300000 300 152 14939.965128 0.152000 98.289244 0.506667 50522.465808 332.384643 
0.013000 0.005000 0.294000 294 157 15498.859738 0.157000 98.718852 0.534014 49718.528817 316.678527 
0.013000 0.005000 0.298000 298 148 14471.435638 0.148000 97.779971 0.496644 48437.460071 327.280136 
0.013000 0.005000 0.294000 294 157 13851.057721 0.157000 88.223298 0.534014 50238.736246 319.991951 
0.013000 0.005000 0.294000 294 151 16706.066262 0.151000 110.636200 0.513605 49611.177699 328.550846 
0.013000 0.005000 0.300000 300 150 14235.122136 0.150000 94.900814 0.500000 50157.149322 334.380995 
0.013000 0.005000 0.291000 291 151 16662.594043 0.151000 110.348305 0.518900 50278.894042 332.972808 
0.013000 0.005000 0.294000 294 145 17719.507268 0.145000 122.203498 0.493197 50039.792799 345.102019 
0.013000 0.005000 0.295000 295 148 14777.303924 0.148000 99.846648 0.501695 50152.038644 338.865126 
0.013000 0.005000 0.294000 294 149 12208.312687 0.149000 81.934984 0.506803 49667.372856 333.338073 
0.014000 0.005000 0.320000 320 158 17709.407407 0.158000 112.084857 0.493750 50956.492094 322.509444 
0.014000 0.005000 0.320000 320 157 15866.775443 0.157000 101.062264 0.490625 52493.651074 334.354465 
0.014000 0.005000 0.309000 309 150 13337.719159 0.150000 88.918128 0.485437 52582.615144 350.550768 
0.014000 0.005000 0.317000 317 153 13077.948425 0.153000 85.476787 0.482650 50949.202869 333.001326 
0.014000 0.005000 0.318000 318 157 16360.585430 0.157000 104.207551 0.493711 53969.788827 343.756617 
0.014000 0.005000 0.314000 314 168 15350.241758 0.168000 91.370487 0.535032 52192.674536 310.670682 
0.014000 0.005000 0.309000 309 157 14344.824884 0.157000 91.368311 0.508091 53325.742946 339.654414 
0.014000 0.005000 0.318000 318 163 15441.560897 0.163000 94.733502 0.512579 52304.887371 320.888880 
0.014000 0.005000 0.317000 317 171 19233.379740 0.171000 112.475905 0.539432 54207.997838 317.005835 
0.014000 0.005000 0.304000 304 151 15062.900915 0.151000 99.754311 0.496711 52883.702900 350.223198 
0.015000 0.005000 0.329000 329 179 23227.201406 0.179000 129.760902 0.544073 54046.171416 301.933919 
0.015000 0.005000 0.331000 331 157 20795.062833 0.157000 132.452630 0.474320 51491.443746 327.970979 
0.015000 0.005000 0.338000 338 168 17710.120859 0.168000 105.417386 0.497041 54124.491115 322.169590 
0.015000 0.005000 0.319000 319 155 18123.655778 0.155000 116.926811 0.485893 51966.438794 335.267347 
0.015000 0.005000 0.340000 340 168 17320.386383 0.168000 103.097538 0.494118 54387.082779 323.732636 
0.015000 0.005000 0.325000 325 157 19114.356742 0.157000 121.747495 0.483077 53671.200241 341.854779 
0.015000 0.005000 0.337000 337 166 18427.827970 0.166000 111.011012 0.492582 53194.691116 320.449946 
0.015000 0.005000 0.330000 330 161 18988.622208 0.161000 117.941753 0.487879 52606.396570 326.747805 
0.015000 0.005000 0.320000 320 166 18004.206066 0.166000 108.459073 0.518750 53052.317347 319.592273 
0.015000 0.005000 0.337000 337 152 24729.687711 0.152000 162.695314 0.451039 50932.303006 335.080941 
0.016000 0.005000 0.356000 356 170 23531.180348 0.170000 138.418708 0.477528 57783.267104 339.901571 
0.016000 0.005000 0.336000 336 168 20623.542125 0.168000 122.759179 0.500000 58339.209189 347.257198 
0.016000 0.005000 0.356000 356 166 19525.328252 0.166000 117.622459 0.466292 53731.257337 323.682273 
0.016000 0.005000 0.359000 359 170 22336.869132 0.170000 131.393348 0.473538 53815.734272 316.563143 
0.016000 0.005000 0.354000 354 162 17047.200064 0.162000 105.229630 0.457627 55964.955559 345.462689 
0.016000 0.005000 0.360000 360 157 18038.861574 0.157000 114.897207 0.436111 55110.363335 351.021423 
0.016000 0.005000 0.357000 357 160 15751.000105 0.160000 98.443751 0.448179 54837.596682 342.734979 
0.016000 0.005000 0.356000 356 166 23718.351323 0.166000 142.881634 0.466292 56717.089923 341.669216 
0.016000 0.005000 0.326000 326 150 12333.787140 0.150000 82.225248 0.460123 55961.570546 373.077137 
0.016000 0.005000 0.341000 341 158 15548.836820 0.158000 98.410360 0.463343 53264.606132 337.117760 
0.017000 0.005000 0.379000 379 167 26448.849142 0.167000 158.376342 0.440633 56792.415150 340.074342 
0.017000 0.005000 0.381000 381 180 26182.227845 0.180000 145.456821 0.472441 57391.453568 318.841409 
0.017000 0.005000 0.367000 367 179 21177.016989 0.179000 118.307357 0.487738 56645.393258 316.454711 
0.017000 0.005000 0.367000 367 161 14392.737277 0.161000 89.395884 0.438692 55173.245516 342.690966 
0.017000 0.005000 0.367000 367 169 20572.080884 0.169000 121.728289 0.460490 55415.726251 327.903706 
0.017000 0.005000 0.368000 368 164 16875.045602 0.164000 102.896620 0.445652 56281.909254 343.182373 
0.017000 0.005000 0.374000 374 184 23803.228696 0.184000 129.365373 0.491979 56551.926450 307.347426 
0.017000 0.005000 0.388000 388 172 30080.545766 0.172000 174.886894 0.443299 56661.620963 329.428029 
0.017000 0.005000 0.380000 380 175 19203.432808 0.175000 109.733902 0.460526 57911.323156 330.921847 
0.017000 0.005000 0.381000 381 175 26392.313518 0.175000 150.813220 0.459318 56940.490896 325.374234 
0.018000 0.005000 0.410000 410 185 24535.673452 0.185000 132.625262 0.451220 59562.339193 321.958590 
0.018000 0.005000 0.403000 403 177 25060.802504 0.177000 141.586455 0.439206 57519.726413 324.970206 
0.018000 0.005000 0.407000 407 179 21919.238948 0.179000 122.453849 0.439803 59142.186614 330.403277 
0.018000 0.005000 0.408000 408 185 26619.032287 0.185000 143.886661 0.453431 56425.033322 305.000180 
0.018000 0.005000 0.404000 404 184 27890.613129 0.184000 151.579419 0.455446 57602.482518 313.056970 
0.018000 0.005000 0.387000 387 180 22535.716515 0.180000 125.198425 0.465116 57637.598680 320.208882 
0.018000 0.005000 0.406000 406 165 37809.105415 0.165000 229.146093 0.406404 56150.664013 340.307055 
0.018000 0.005000 0.383000 383 172 36222.109652 0.172000 210.593661 0.449086 56570.648343 328.899118 
0.018000 0.005000 0.398000 398 183 31433.588702 0.183000 171.768244 0.459799 60182.574120 328.866525 
0.018000 0.005000 0.412000 412 172 20777.746178 0.172000 120.800850 0.417476 56844.743699 330.492696 
0.019000 0.005000 0.424000 424 174 26765.538693 0.174000 153.824935 0.410377 59227.026117 340.385208 
0.019000 0.005000 0.424000 424 183 34014.351706 0.183000 185.870774 0.431604 60473.694905 330.457349 
0.019000 0.005000 0.429000 429 187 26755.747187 0.187000 143.078862 0.435897 57642.530731 308.248827 
0.019000 0.005000 0.422000 422 196 32050.625404 0.196000 163.523599 0.464455 60643.479664 309.405508 
0.019000 0.005000 0.422000 422 199 27366.778206 0.199000 137.521499 0.471564 58513.417302 294.037273 
0.019000 0.005000 0.410000 410 183 20551.594218 0.183000 112.303794 0.446341 58055.288270 317.242012 
0.019000 0.005000 0.429000 429 180 25373.863299 0.180000 140.965907 0.419580 57110.437568 317.280209 
0.019000 0.005000 0.420000 420 184 22773.332377 0.184000 123.768111 0.438095 60760.050230 330.217664 
0.019000 0.005000 0.416000 416 188 30676.151804 0.188000 163.171020 0.451923 59417.134899 316.048590 
0.019000 0.005000 0.410000 410 183 23532.440937 0.183000 128.592573 0.446341 59599.479544 325.680216 
0.020000 0.005000 0.448000 448 186 39365.378842 0.186000 211.641822 0.415179 57667.770396 310.041776 
0.020000 0.005000 0.448000 448 190 35785.948700 0.190000 188.347098 0.424107 62102.003569 326.852650 
0.020000 0.005000 0.450000 450 188 32561.758175 0.188000 173.200841 0.417778 60001.177288 319.155198 
0.020000 0.005000 0.444000 444 196 38443.397323 0.196000 196.139782 0.441441 60496.071308 308.653425 
0.020000 0.005000 0.440000 440 199 34595.533356 0.199000 173.846901 0.452273 60793.358908 305.494266 
0.020000 0.005000 0.446000 446 182 21604.154805 0.182000 118.704147 0.408072 61540.296199 338.133496 
0.020000 0.005000 0.452000 452 196 28159.192109 0.196000 143.669347 0.433628 60637.104024 309.372980 
0.020000 0.005000 0.452000 452 204 34731.391750 0.204000 170.251920 0.451327 61074.629135 299.385437 
0.020000 0.005000 0.444000 444 196 37045.960801 0.196000 189.010004 0.441441 59723.406450 304.711257 
0.020000 0.005000 0.409000 409 200 22043.548246 0.200000 110.217741 0.488998 62241.042869 311.205214 
0.021000 0.005000 0.460000 460 198 40687.091835 0.198000 205.490363 0.430435 60789.305899 307.016696 
0.021000 0.005000 0.451000 451 172 38843.906482 0.172000 225.836666 0.381375 58532.374466 340.304503 
0.021000 0.005000 0.465000 465 187 33835.285032 0.187000 180.937353 0.402151 60175.884016 321.796171 
0.021000 0.005000 0.465000 465 208 27432.230545 0.208000 131.885724 0.447312 64103.131438 308.188132 
0.021000 0.005000 0.456000 456 183 39751.397606 0.183000 217.220752 0.401316 60029.741467 328.031374 
0.021000 0.005000 0.466000 466 195 29044.613413 0.195000 148.946735 0.418455 61982.007530 317.856449 
0.021000 0.005000 0.460000 460 181 31066.418275 0.181000 171.637670 0.393478 61441.915425 339.458096 
0.021000 0.005000 0.457000 457 192 44775.890349 0.192000 233.207762 0.420131 61484.303604 320.230748 
0.021000 0.005000 0.441000 441 193 24985.851731 0.193000 129.460372 0.437642 61850.263855 320.467688 
0.021000 0.005000 0.458000 458 200 31986.464363 0.200000 159.932322 0.436681 63660.531464 318.302657 
0.022000 0.005000 0.495000 495 211 42044.704383 0.211000 199.264002 0.426263 64553.851822 305.942426 
0.022000 0.005000 0.481000 481 207 29727.610170 0.207000 143.611643 0.430353 63310.209872 305.846425 
0.022000 0.005000 0.476000 476 200 36263.515686 0.200000 181.317578 0.420168 63660.255198 318.301276 
0.022000 0.005000 0.486000 486 184 45215.192705 0.184000 245.734743 0.378601 60650.036804 329.619765 
0.022000 0.005000 0.484000 484 215 35058.808621 0.215000 163.064226 0.444215 64198.667938 298.598456 
0.022000 0.005000 0.490000 490 197 34817.961413 0.197000 176.740921 0.402041 62243.746672 315.958105 
0.022000 0.005000 0.500000 500 182 43140.249267 0.182000 237.034337 0.364000 60091.199521 330.171426 
0.022000 0.005000 0.484000 484 200 31186.702392 0.200000 155.933512 0.413223 62065.231203 310.326156 
0.022000 0.005000 0.460000 460 183 26256.556985 0.183000 143.478453 0.397826 58957.857595 322.174085 
0.022000 0.005000 0.481000 481 190 47409.415383 0.190000 249.523239 0.395010 61043.853781 321.283441 
0.023000 0.005000 0.504000 504 205 29000.865860 0.205000 141.467638 0.406746 63658.667535 310.530086 
0.023000 0.005000 0.515000 515 196 36146.454627 0.196000 184.420687 0.380583 62661.054881 319.699260 
0.023000 0.005000 0.508000 508 201 43360.286020 0.201000 215.722816 0.395669 63563.008801 316.233875 
0.023000 0.005000 0.510000 510 218 49401.572432 0.218000 226.612718 0.427451 65745.574393 301.585204 
0.023000 0.005000 0.503000 503 183 28835.538156 0.183000 157.571247 0.363817 60122.365019 328.537514 
0.023000 0.005000 0.493000 493 185 27833.604542 0.185000 150.451916 0.375254 61173.119173 330.665509 
0.023000 0.005000 0.496000 496 197 28896.264626 0.197000 146.681546 0.397177 64729.228997 328.574766 
0.023000 0.005000 0.519000 519 204 35076.086562 0.204000 171.941601 0.393064 64721.021608 317.259910 
0.023000 0.005000 0.509000 509 209 22707.916333 0.209000 108.650317 0.410609 64157.735826 306.974813 
0.023000 0.005000 0.524000 524 187 51043.304354 0.187000 272.958847 0.356870 62365.879776 333.507378 
0.024000 0.005000 0.535000 535 199 43679.554034 0.199000 219.495246 0.371963 62305.857745 313.094763 
0.024000 0.005000 0.542000 542 205 42974.317807 0.205000 209.630819 0.378229 63067.169893 307.644731 
0.024000 0.005000 0.535000 535 201 42522.285391 0.201000 211.553659 0.375701 64437.555436 320.584853 
0.024000 0.005000 0.516000 516 197 43901.281547 0.197000 222.849145 0.381783 64191.205414 325.843682 
0.024000 0.005000 0.515000 515 207 35123.639101 0.207000 169.679416 0.401942 64637.366106 312.257807 
0.024000 0.005000 0.539000 539 216 42010.675197 0.216000 194.493867 0.400742 65059.308463 301.200502 
0.024000 0.005000 0.539000 539 192 50835.809293 0.192000 264.769840 0.356215 60515.217132 315.183423 
0.024000 0.005000 0.519000 519 198 33783.293247 0.198000 170.622693 0.381503 62972.190493 318.041366 
0.024000 0.005000 0.538000 538 211 36519.906697 0.211000 173.080127 0.392193 64394.542377 305.187405 
0.024000 0.005000 0.489000 489 199 34803.929150 0.199000 174.894116 0.406953 63830.678859 320.757180 
0.025000 0.005000 0.549000 549 220 39128.103495 0.220000 177.855016 0.400729 66880.869021 304.003950 
0.025000 0.005000 0.554000 554 202 39625.865615 0.202000 196.167652 0.364621 64779.444307 320.690318 
0.025000 0.005000 0.540000 540 189 51734.404984 0.189000 273.727010 0.350000 61613.274459 325.996161 
0.025000 0.005000 0.564000 564 194 56881.850973 0.194000 293.205417 0.343972 63838.445960 329.064154 
0.025000 0.005000 0.559000 559 205 45093.384967 0.205000 219.967732 0.366726 61935.345484 302.123637 
0.025000 0.005000 0.559000 559 198 50227.313976 0.198000 253.673303 0.354204 64015.408860 323.310146 
0.025000 0.005000 0.523000 523 203 42235.476740 0.203000 208.056536 0.388145 63249.996590 311.576338 
0.025000 0.005000 0.549000 549 190 47927.747897 0.190000 252.251305 0.346084 63449.885861 333.946768 
0.025000 0.005000 0.546000 546 188 48523.483080 0.188000 258.103633 0.344322 63294.957254 336.675305 
0.025000 0.005000 0.544000 544 202 53455.862223 0.202000 264.632981 0.371324 63516.755487 314.439384 
0.026000 0.005000 0.558000 558 195 64362.660975 0.195000 330.064928 0.349462 62083.771551 318.378316 
0.026000 0.005000 0.569000 569 217 40945.742396 0.217000 188.690057 0.381371 66563.480054 306.744148 
0.026000 0.005000 0.586000 586 207 60290.291351 0.207000 291.257446 0.353242 64343.059945 310.836038 
0.026000 0.005000 0.571000 571 209 49593.326876 0.209000 237.288645 0.366025 62760.257807 300.288315 
0.026000 0.005000 0.588000 588 190 58097.657032 0.190000 305.777142 0.323129 61934.895033 325.973132 
0.026000 0.005000 0.567000 567 203 36340.554942 0.203000 179.017512 0.358025 64153.273028 316.025976 
0.026000 0.005000 0.565000 565 191 44199.336329 0.191000 231.410138 0.338053 60978.623386 319.259808 
0.026000 0.005000 0.584000 584 216 56414.359581 0.216000 261.177591 0.369863 65262.983743 302.143443 
0.026000 0.005000 0.581000 581 202 40405.032957 0.202000 200.024916 0.347676 64703.443910 320.314079 
0.026000 0.005000 0.562000 562 192 50840.616774 0.192000 264.794879 0.341637 62741.020205 326.776147 
0.027000 0.005000 0.598000 598 200 59650.302563 0.200000 298.251513 0.334448 64540.353879 322.701769 
0.027000 0.005000 0.568000 568 199 43133.951308 0.199000 216.753524 0.350352 65751.612491 330.410113 
0.027000 0.005000 0.601000 601 190 56510.690758 0.190000 297.424688 0.316140 63262.702844 332.961594 
0.027000 0.005000 0.600000 600 221 54529.581411 0.221000 246.740187 0.368333 67950.994986 307.470566 
0.027000 0.005000 0.600000 600 208 37784.668111 0.208000 181.657058 0.346667 65930.334570 316.972762 
0.027000 0.005000 0.604000 604 222 57900.815687 0.222000 260.814485 0.367550 67761.298806 305.231076 
0.027000 0.005000 0.587000 587 205 42325.723533 0.205000 206.466944 0.349233 65226.616529 318.178617 
0.027000 0.005000 0.600000 600 223 32684.768806 0.223000 146.568470 0.371667 68390.686935 306.684695 
0.027000 0.005000 0.608000 608 209 55771.704730 0.209000 266.850262 0.343750 64917.464621 310.609879 
0.027000 0.005000 0.594000 594 208 42630.370928 0.208000 204.953706 0.350168 65148.656725 313.214696 
0.028000 0.005000 0.625000 625 222 50911.147398 0.222000 229.329493 0.355200 67601.246922 304.510121 
0.028000 0.005000 0.621000 621 221 62202.953009 0.221000 281.461326 0.355878 67065.510896 303.463850 
0.028000 0.005000 0.615000 615 231 63563.271700 0.231000 275.165678 0.375610 69325.051760 300.108449 
0.028000 0.005000 0.617000 617 211 45855.180328 0.211000 217.323130 0.341977 67819.723859 321.420492 
0.028000 0.005000 0.634000 634 208 51924.150315 0.208000 249.635338 0.328076 63836.154620 306.904590 
0.028000 0.005000 0.607000 607 215 45501.101182 0.215000 211.633029 0.354201 67525.402985 314.071642 
0.028000 0.005000 0.590000 590 194 43206.399543 0.194000 222.713400 0.328814 61787.520706 318.492375 
0.028000 0.005000 0.606000 606 190 41208.377018 0.190000 216.886195 0.313531 63743.015590 335.489556 
0.028000 0.005000 0.611000 611 197 59509.385927 0.197000 302.078101 0.322422 65492.498442 332.449231 
0.028000 0.005000 0.609000 609 208 43634.031292 0.208000 209.778997 0.341544 66522.172152 319.818135 
0.029000 0.005000 0.614000 614 204 35842.621317 0.204000 175.699124 0.332248 65878.500873 322.933828 
0.029000 0.005000 0.632000 632 214 56670.594745 0.214000 264.815863 0.338608 67941.325886 317.482831 
0.029000 0.005000 0.628000 628 214 66803.830287 0.214000 312.167431 0.340764 68209.279429 318.734951 
0.029000 0.005000 0.650000 650 205 51688.633848 0.205000 252.139677 0.315385 66549.025931 324.629395 
0.029000 0.005000 0.640000 640 211 45960.586850 0.211000 217.822686 0.329688 64332.407965 304.892929 
0.029000 0.005000 0.631000 631 203 51484.297748 0.203000 253.617230 0.321712 64675.401041 318.598035 
0.029000 0.005000 0.632000 632 212 47692.612034 0.212000 224.965151 0.335443 65747.662965 310.130486 
0.029000 0.005000 0.649000 649 208 50368.553946 0.208000 242.156509 0.320493 66979.903528 322.018767 
0.029000 0.005000 0.624000 624 190 54591.352304 0.190000 287.322907 0.304487 62614.319919 329.549052 
0.029000 0.005000 0.630000 630 221 57176.093110 0.221000 258.715353 0.350794 68519.721797 310.043990 
0.030000 0.005000 0.664000 664 218 52325.320772 0.218000 240.024407 0.328313 68319.989136 313.394446 
0.030000 0.005000 0.658000 658 211 74332.233750 0.211000 352.285468 0.320669 63650.659266 301.661892 
0.030000 0.005000 0.652000 652 209 55206.611810 0.209000 264.146468 0.320552 64214.840181 307.248039 
0.030000 0.005000 0.652000 652 200 57732.628222 0.200000 288.663141 0.306748 63725.872442 318.629362 
0.030000 0.005000 0.639000 639 190 59766.961358 0.190000 314.562955 0.297340 61271.191196 322.479954 
0.030000 0.005000 0.659000 659 228 59407.823766 0.228000 260.560631 0.345979 67926.166643 297.921784 
0.030000 0.005000 0.650000 650 227 55894.182755 0.227000 246.229880 0.349231 69091.501454 304.367848 
0.030000 0.005000 0.640000 640 207 57066.071468 0.207000 275.681505 0.323437 65419.295843 316.035246 
0.030000 0.005000 0.660000 660 219 53014.668601 0.219000 242.076112 0.331818 68318.771962 311.957863 
0.030000 0.005000 0.657000 657 205 61056.417924 0.205000 297.836185 0.312024 65140.478257 317.758431 
