0.030000 0.005000 0.663000 663 211 53334.251344 0.211000 252.768964 0.318250 64477.480483 305.580476 
0.030000 0.005000 0.638000 638 225 50015.048604 0.225000 222.289105 0.352665 68063.308603 302.503594 
0.030000 0.005000 0.645000 645 233 58946.776698 0.233000 252.990458 0.361240 69610.640570 298.758114 
0.030000 0.005000 0.659000 659 199 50795.084385 0.199000 255.251680 0.301973 63808.494857 320.645703 
0.030000 0.005000 0.655000 655 222 51662.823016 0.222000 232.715419 0.338931 67900.073637 305.856188 
0.030000 0.005000 0.658000 658 224 45071.876181 0.224000 201.213733 0.340426 67335.426711 300.604584 
0.030000 0.005000 0.663000 663 226 82127.995965 0.226000 363.398212 0.340875 66884.594277 295.949532 
0.030000 0.005000 0.676000 676 243 27114.804424 0.243000 111.583557 0.359467 57858.947984 238.102667 
0.030000 0.005000 0.664000 664 0 0.000000 0.000000 -nan 0.000000 58634.503668 inf 
0.030000 0.005000 0.676000 676 0 0.000000 0.000000 -nan 0.000000 60229.811071 inf 
0.030000 0.005000 0.664000 664 253 28066.989620 0.253000 110.936718 0.381024 59027.188406 233.309045 
0.030000 0.005000 0.676000 676 244 27881.172777 0.244000 114.267102 0.360947 56804.842683 232.806732 
0.030000 0.005000 0.670000 670 246 20340.805504 0.246000 82.686201 0.367164 58305.985300 237.016200 
0.030000 0.005000 0.670000 670 251 22281.620224 0.251000 88.771395 0.374627 59863.598323 238.500392 
