0.002000 0.050000 0.048000 48 33 147.650162 0.033000 4.474247 0.687500 11676.482188 353.832794 
0.002000 0.050000 0.048000 48 36 150.466527 0.036000 4.179626 0.750000 11687.523365 324.653427 
0.002000 0.050000 0.048000 48 33 139.323895 0.033000 4.221936 0.687500 11689.629628 354.231201 
0.002000 0.050000 0.048000 48 35 167.546134 0.035000 4.787032 0.729167 11683.839468 333.823985 
0.002000 0.050000 0.048000 48 36 162.117402 0.036000 4.503261 0.750000 11689.438104 324.706614 
0.002000 0.050000 0.048000 48 32 142.363189 0.032000 4.448850 0.666667 11426.521991 357.078812 
0.002000 0.050000 0.048000 48 36 154.570329 0.036000 4.293620 0.750000 11689.330614 324.703628 
0.002000 0.050000 0.048000 48 34 145.873073 0.034000 4.290385 0.708333 11678.722289 343.491832 
0.002000 0.050000 0.048000 48 35 154.172707 0.035000 4.404934 0.729167 11686.699907 333.905712 
0.002000 0.050000 0.048000 48 36 159.286658 0.036000 4.424629 0.750000 11693.978129 324.832726 
0.003000 0.050000 0.072000 72 54 241.418695 0.054000 4.470717 0.750000 14168.770198 262.384633 
0.003000 0.050000 0.072000 72 50 232.032315 0.050000 4.640646 0.694444 13977.205642 279.544113 
0.003000 0.050000 0.072000 72 53 258.590545 0.053000 4.879067 0.736111 14160.789143 267.184701 
0.003000 0.050000 0.072000 72 51 214.282741 0.051000 4.201622 0.708333 13985.952142 274.234356 
0.003000 0.050000 0.072000 72 51 235.532945 0.051000 4.618293 0.708333 13996.078754 274.432917 
0.003000 0.050000 0.072000 72 52 231.203545 0.052000 4.446222 0.722222 14067.529426 270.529412 
0.003000 0.050000 0.072000 72 53 236.545699 0.053000 4.463126 0.736111 14062.255328 265.325572 
0.003000 0.050000 0.072000 72 54 249.372470 0.054000 4.618009 0.750000 14165.625164 262.326392 
0.003000 0.050000 0.072000 72 52 234.674325 0.052000 4.512968 0.722222 13991.375709 269.064917 
0.003000 0.050000 0.072000 72 55 268.105453 0.055000 4.874645 0.763889 14087.682009 256.139673 
0.004000 0.050000 0.092000 92 70 323.728857 0.070000 4.624698 0.760870 16367.899806 233.827140 
0.004000 0.050000 0.092000 92 66 296.789046 0.066000 4.496804 0.717391 16110.430397 244.097430 
0.004000 0.050000 0.092000 92 70 318.942960 0.070000 4.556328 0.760870 16209.025185 231.557503 
0.004000 0.050000 0.092000 92 67 295.131297 0.067000 4.404945 0.728261 16189.816531 241.639053 
0.004000 0.050000 0.092000 92 68 325.962341 0.068000 4.793564 0.739130 16206.942083 238.337384 
0.004000 0.050000 0.092000 92 67 301.164515 0.067000 4.494993 0.728261 16283.154295 243.032154 
0.004000 0.050000 0.092000 92 69 307.313830 0.069000 4.453824 0.750000 16376.485825 237.340374 
0.004000 0.050000 0.092000 92 72 328.517385 0.072000 4.562741 0.782609 16382.038958 227.528319 
0.004000 0.050000 0.092000 92 66 296.481646 0.066000 4.492146 0.717391 15931.623591 241.388236 
0.004000 0.050000 0.092000 92 71 315.281704 0.071000 4.440587 0.771739 16292.492514 229.471726 
0.005000 0.050000 0.112000 112 60 691.169315 0.060000 11.519489 0.535714 17495.185215 291.586420 
0.005000 0.050000 0.112000 112 65 745.974260 0.065000 11.476527 0.580357 17849.203492 274.603131 
0.005000 0.050000 0.112000 112 66 578.068286 0.066000 8.758610 0.589286 17706.346485 268.277977 
0.005000 0.050000 0.112000 112 61 545.142655 0.061000 8.936765 0.544643 17772.414773 291.351062 
0.005000 0.050000 0.112000 112 57 458.792552 0.057000 8.048992 0.508929 17529.531266 307.535636 
0.005000 0.050000 0.112000 112 63 760.893068 0.063000 12.077668 0.562500 17821.686937 282.883920 
0.005000 0.050000 0.112000 112 57 993.863875 0.057000 17.436208 0.508929 17490.055215 306.843074 
0.005000 0.050000 0.112000 112 62 542.865993 0.062000 8.755903 0.553571 17822.809312 287.464666 
0.005000 0.050000 0.112000 112 66 557.572216 0.066000 8.448064 0.589286 17995.694516 272.662038 
0.005000 0.050000 0.112000 112 55 1187.605692 0.055000 21.592831 0.491071 17315.664286 314.830260 
0.006000 0.050000 0.138000 138 104 484.327706 0.104000 4.656997 0.753623 21190.959595 203.759227 
0.006000 0.050000 0.138000 138 105 482.829102 0.105000 4.598372 0.760870 21028.398163 200.270459 
0.006000 0.050000 0.138000 138 103 465.742483 0.103000 4.521772 0.746377 21050.581200 204.374575 
0.006000 0.050000 0.138000 138 106 482.175435 0.106000 4.548825 0.768116 20864.275427 196.832787 
0.006000 0.050000 0.138000 138 104 465.274486 0.104000 4.473793 0.753623 21117.629513 203.054130 
0.006000 0.050000 0.138000 138 107 509.961335 0.107000 4.765994 0.775362 21205.251776 198.179923 
0.006000 0.050000 0.138000 138 102 473.391650 0.102000 4.641095 0.739130 21112.897315 206.989189 
0.006000 0.050000 0.138000 138 102 473.529871 0.102000 4.642450 0.739130 21128.928037 207.146353 
0.006000 0.050000 0.138000 138 104 486.374001 0.104000 4.676673 0.753623 21019.374773 202.109373 
0.006000 0.050000 0.138000 138 104 472.431823 0.104000 4.542614 0.753623 20887.126719 200.837757 
0.007000 0.050000 0.158000 158 116 564.967734 0.116000 4.870412 0.734177 23211.730766 200.101127 
0.007000 0.050000 0.158000 158 120 585.383118 0.120000 4.878193 0.759494 23232.833205 193.606943 
0.007000 0.050000 0.158000 158 117 554.255862 0.117000 4.737230 0.740506 23478.677468 200.672457 
0.007000 0.050000 0.158000 158 117 543.462585 0.117000 4.644979 0.740506 23108.640618 197.509749 
0.007000 0.050000 0.158000 158 119 577.204111 0.119000 4.850455 0.753165 23395.828294 196.603599 
0.007000 0.050000 0.158000 158 117 523.602975 0.117000 4.475239 0.740506 23462.076250 200.530566 
0.007000 0.050000 0.158000 158 120 575.042695 0.120000 4.792022 0.759494 23478.713614 195.655947 
0.007000 0.050000 0.158000 158 119 557.386478 0.119000 4.683920 0.753165 23142.343591 194.473476 
0.007000 0.050000 0.158000 158 120 570.789897 0.120000 4.756582 0.759494 23134.882827 192.790690 
0.007000 0.050000 0.158000 158 112 522.196675 0.112000 4.662470 0.708861 23277.182149 207.831983 
0.008000 0.050000 0.179000 179 140 640.659394 0.140000 4.576139 0.782123 25556.826123 182.548758 
0.008000 0.050000 0.179000 179 136 649.726830 0.136000 4.777403 0.759777 25561.558440 187.952636 
0.008000 0.050000 0.179000 179 137 627.513688 0.137000 4.580392 0.765363 25796.123186 188.292870 
0.008000 0.050000 0.179000 179 139 624.158167 0.139000 4.490347 0.776536 25570.473595 183.960242 
0.008000 0.050000 0.179000 179 140 642.186392 0.140000 4.587046 0.782123 25478.612857 181.990092 
0.008000 0.050000 0.179000 179 138 633.714961 0.138000 4.592137 0.770950 25567.110928 185.268920 
0.008000 0.050000 0.179000 179 140 647.539631 0.140000 4.625283 0.782123 25652.540104 183.232429 
0.008000 0.050000 0.179000 179 140 678.391396 0.140000 4.845653 0.782123 25561.972712 182.585519 
0.008000 0.050000 0.179000 179 143 666.995529 0.143000 4.664304 0.798883 25221.391325 176.373366 
0.008000 0.050000 0.179000 179 136 633.020708 0.136000 4.654564 0.759777 25638.213423 188.516275 
0.009000 0.050000 0.202000 202 132 637.879983 0.132000 4.832424 0.653465 26126.935239 197.931328 
0.009000 0.050000 0.202000 202 128 633.118897 0.128000 4.946241 0.633663 25852.267639 201.970841 
0.009000 0.050000 0.202000 202 124 618.804609 0.124000 4.990360 0.613861 26173.394155 211.075759 
0.009000 0.050000 0.202000 202 134 698.752071 0.134000 5.214568 0.663366 25892.796772 193.229827 
0.009000 0.050000 0.202000 202 124 663.300190 0.124000 5.349195 0.613861 26186.657205 211.182719 
0.009000 0.050000 0.202000 202 131 669.675402 0.131000 5.112026 0.648515 25891.072886 197.641778 
0.009000 0.050000 0.202000 202 128 657.602610 0.128000 5.137520 0.633663 26079.028626 203.742411 
0.009000 0.050000 0.202000 202 126 613.949040 0.126000 4.872611 0.623762 25753.422432 204.392242 
0.009000 0.050000 0.202000 202 129 654.739192 0.129000 5.075498 0.638614 26124.945908 202.518961 
0.009000 0.050000 0.202000 202 139 727.881971 0.139000 5.236561 0.688119 25833.983816 185.855999 
0.010000 0.050000 0.222000 222 122 1017.107076 0.122000 8.336943 0.549550 28687.088046 235.140066 
0.010000 0.050000 0.222000 222 116 917.140479 0.116000 7.906383 0.522523 29136.254148 251.174605 
0.010000 0.050000 0.222000 222 129 1479.155492 0.129000 11.466322 0.581081 28809.457258 223.329126 
0.010000 0.050000 0.222000 222 118 1024.741835 0.118000 8.684253 0.531532 29283.897938 248.168627 
0.010000 0.050000 0.222000 222 113 726.289568 0.113000 6.427341 0.509009 28840.087965 255.222017 
0.010000 0.050000 0.222000 222 121 925.620517 0.121000 7.649756 0.545045 28968.866844 239.412123 
0.010000 0.050000 0.222000 222 119 1051.334868 0.119000 8.834747 0.536036 29074.831604 244.326316 
0.010000 0.050000 0.222000 222 116 1098.177423 0.116000 9.467047 0.522523 28660.187867 247.070585 
0.010000 0.050000 0.222000 222 128 908.875472 0.128000 7.100590 0.576577 29140.498596 227.660145 
0.010000 0.050000 0.222000 222 122 1053.238108 0.122000 8.633099 0.549550 28408.722129 232.858378 
0.011000 0.050000 0.246000 246 187 847.516010 0.187000 4.532171 0.760163 32521.109266 173.909675 
0.011000 0.050000 0.246000 246 186 856.352010 0.186000 4.604043 0.756098 32750.160818 176.076133 
0.011000 0.050000 0.246000 246 190 867.390970 0.190000 4.565216 0.772358 32452.174031 170.800916 
0.011000 0.050000 0.246000 246 188 878.295539 0.188000 4.671785 0.764228 32664.879135 173.749357 
0.011000 0.050000 0.246000 246 194 880.996897 0.194000 4.541221 0.788618 32963.563959 169.915278 
0.011000 0.050000 0.246000 246 186 821.103484 0.186000 4.414535 0.756098 32625.673238 175.406845 
0.011000 0.050000 0.246000 246 190 875.480360 0.190000 4.607791 0.772358 32614.252883 171.653963 
0.011000 0.050000 0.246000 246 189 875.490533 0.189000 4.632225 0.768293 32944.959339 174.311954 
0.011000 0.050000 0.246000 246 185 828.006963 0.185000 4.475713 0.752033 32501.120025 175.681730 
0.011000 0.050000 0.246000 246 186 843.886424 0.186000 4.537024 0.756098 32865.167230 176.694447 
0.012000 0.050000 0.268000 268 188 923.469115 0.188000 4.912070 0.701493 33978.727428 180.737912 
0.012000 0.050000 0.268000 268 194 922.122674 0.194000 4.753210 0.723881 34365.142727 177.139911 
0.012000 0.050000 0.268000 268 194 968.377087 0.194000 4.991634 0.723881 34395.220300 177.294950 
0.012000 0.050000 0.268000 268 193 868.281144 0.193000 4.498866 0.720149 33719.505685 174.712465 
0.012000 0.050000 0.268000 268 190 895.050103 0.190000 4.710790 0.708955 34144.795014 179.709447 
0.012000 0.050000 0.268000 268 194 882.169789 0.194000 4.547267 0.723881 34242.156571 176.505962 
0.012000 0.050000 0.268000 268 198 986.959877 0.198000 4.984646 0.738806 33775.049879 170.581060 
0.012000 0.050000 0.268000 268 187 831.030327 0.187000 4.444012 0.697761 33533.135289 179.321579 
0.012000 0.050000 0.268000 268 194 881.999652 0.194000 4.546390 0.723881 34443.284028 177.542701 
0.012000 0.050000 0.268000 268 200 973.488710 0.200000 4.867444 0.746269 34209.082485 171.045412 
0.013000 0.050000 0.289000 289 193 961.387999 0.193000 4.981285 0.667820 37334.402332 193.442499 
0.013000 0.050000 0.289000 289 188 885.358345 0.188000 4.709353 0.650519 37495.292490 199.443045 
0.013000 0.050000 0.289000 289 179 860.805172 0.179000 4.808967 0.619377 36863.298644 205.940216 
0.013000 0.050000 0.289000 289 192 911.955138 0.192000 4.749766 0.664360 37070.472063 193.075375 
0.013000 0.050000 0.289000 289 199 951.738533 0.199000 4.782606 0.688581 37405.666117 187.968171 
0.013000 0.050000 0.289000 289 184 907.888694 0.184000 4.934178 0.636678 37185.903205 202.097300 
0.013000 0.050000 0.289000 289 185 924.610140 0.185000 4.997893 0.640138 37300.714248 201.625482 
0.013000 0.050000 0.289000 289 189 897.336725 0.189000 4.747813 0.653979 37386.031961 197.809693 
0.013000 0.050000 0.289000 289 186 898.237689 0.186000 4.829235 0.643599 36920.339095 198.496447 
0.013000 0.050000 0.289000 289 194 919.606806 0.194000 4.740241 0.671280 36566.905231 188.489202 
0.014000 0.050000 0.312000 312 213 1071.758106 0.213000 5.031728 0.682692 36775.624367 172.655513 
0.014000 0.050000 0.312000 312 210 1188.642072 0.210000 5.660200 0.673077 36943.674794 175.922261 
0.014000 0.050000 0.312000 312 214 1155.380384 0.214000 5.398974 0.685897 36619.453386 171.118941 
0.014000 0.050000 0.312000 312 206 1073.443744 0.206000 5.210892 0.660256 36604.379926 177.691165 
0.014000 0.050000 0.312000 312 220 1217.034680 0.220000 5.531976 0.705128 36558.697475 166.175898 
0.014000 0.050000 0.312000 312 212 1069.401195 0.212000 5.044345 0.679487 36546.051185 172.387034 
0.014000 0.050000 0.312000 312 213 1131.484833 0.213000 5.312135 0.682692 36853.405849 173.020685 
0.014000 0.050000 0.312000 312 212 1082.698483 0.212000 5.107068 0.679487 36534.518326 172.332634 
0.014000 0.050000 0.312000 312 219 1195.620113 0.219000 5.459453 0.701923 36674.148968 167.461867 
0.014000 0.050000 0.312000 312 207 1010.777176 0.207000 4.882982 0.663462 37048.604351 178.978765 
0.015000 0.050000 0.332000 332 180 1203.749048 0.180000 6.687495 0.542169 40374.990574 224.305503 
0.015000 0.050000 0.332000 332 172 1238.525157 0.172000 7.200728 0.518072 39876.355304 231.839275 
0.015000 0.050000 0.332000 332 172 1225.924421 0.172000 7.127468 0.518072 39941.535829 232.218232 
0.015000 0.050000 0.332000 332 167 982.124535 0.167000 5.880985 0.503012 39926.239568 239.079279 
0.015000 0.050000 0.332000 332 183 1398.197824 0.183000 7.640425 0.551205 40160.142175 219.454329 
0.015000 0.050000 0.332000 332 186 1292.279283 0.186000 6.947738 0.560241 39925.043407 214.650771 
0.015000 0.050000 0.332000 332 182 1400.307319 0.182000 7.693996 0.548193 40271.737086 221.273281 
0.015000 0.050000 0.332000 332 174 1367.900985 0.174000 7.861500 0.524096 40609.196243 233.386185 
0.015000 0.050000 0.332000 332 179 1111.772521 0.179000 6.211020 0.539157 39676.023526 221.653763 
0.015000 0.050000 0.332000 332 178 1252.979094 0.178000 7.039208 0.536145 40301.918172 226.415271 
0.016000 0.050000 0.353000 353 248 1198.991410 0.248000 4.834643 0.702550 44088.461625 177.776055 
0.016000 0.050000 0.353000 353 241 1125.569621 0.241000 4.670413 0.682720 44349.684386 184.023587 
0.016000 0.050000 0.353000 353 242 1143.909877 0.242000 4.726900 0.685552 44132.348342 182.365076 
0.016000 0.050000 0.353000 353 239 1128.769485 0.239000 4.722885 0.677054 44005.083726 184.121689 
0.016000 0.050000 0.353000 353 239 1118.011193 0.239000 4.677871 0.677054 44181.546670 184.860028 
0.016000 0.050000 0.353000 353 225 1045.780620 0.225000 4.647914 0.637394 43956.380646 195.361692 
0.016000 0.050000 0.353000 353 234 1107.571643 0.234000 4.733212 0.662890 43919.582842 187.690525 
0.016000 0.050000 0.353000 353 236 1150.906791 0.236000 4.876724 0.668555 44261.255251 187.547692 
0.016000 0.050000 0.353000 353 242 1146.357017 0.242000 4.737012 0.685552 44364.317323 183.323625 
0.016000 0.050000 0.353000 353 239 1116.278632 0.239000 4.670622 0.677054 44282.664995 185.283117 
0.017000 0.050000 0.376000 376 255 1247.261900 0.255000 4.891223 0.678191 46245.440828 181.354670 
0.017000 0.050000 0.376000 376 243 1253.225915 0.243000 5.157308 0.646277 46139.327970 189.873778 
0.017000 0.050000 0.376000 376 261 1301.578354 0.261000 4.986890 0.694149 46599.565869 178.542398 
0.017000 0.050000 0.376000 376 248 1186.899171 0.248000 4.785884 0.659574 46324.500276 186.792340 
0.017000 0.050000 0.376000 376 254 1203.883668 0.254000 4.739699 0.675532 45625.237633 179.626920 
0.017000 0.050000 0.376000 376 262 1332.197429 0.262000 5.084723 0.696809 46355.211609 176.928289 
0.017000 0.050000 0.376000 376 242 1138.398971 0.242000 4.704128 0.643617 45012.331676 186.001371 
0.017000 0.050000 0.376000 376 249 1280.685704 0.249000 5.143316 0.662234 46329.104659 186.060661 
0.017000 0.050000 0.376000 376 244 1244.538061 0.244000 5.100566 0.648936 45497.520370 186.465247 
0.017000 0.050000 0.376000 376 251 1241.461417 0.251000 4.946061 0.667553 46008.564586 183.301054 
0.018000 0.050000 0.398000 398 260 1355.343753 0.260000 5.212861 0.653266 45391.108496 174.581187 
0.018000 0.050000 0.398000 398 255 1332.267371 0.255000 5.224578 0.640704 44865.887883 175.944658 
0.018000 0.050000 0.398000 398 249 1254.736106 0.249000 5.039101 0.625628 44592.919597 179.088031 
0.018000 0.050000 0.398000 398 249 1215.123280 0.249000 4.880013 0.625628 44031.117843 176.831799 
0.018000 0.050000 0.398000 398 265 1411.352641 0.265000 5.325859 0.665829 45055.907793 170.022294 
0.018000 0.050000 0.398000 398 260 1338.558042 0.260000 5.148300 0.653266 44233.198616 170.127687 
0.018000 0.050000 0.398000 398 258 1361.342612 0.258000 5.276522 0.648241 45198.947603 175.189719 
0.018000 0.050000 0.398000 398 262 1313.456869 0.262000 5.013194 0.658291 44093.585229 168.296127 
0.018000 0.050000 0.398000 398 259 1368.700447 0.259000 5.284558 0.650754 45404.831247 175.308229 
0.018000 0.050000 0.398000 398 250 1258.103142 0.250000 5.032413 0.628141 45108.947526 180.435790 
0.019000 0.050000 0.420000 420 277 1541.794306 0.277000 5.566044 0.659524 47629.409022 171.947325 
0.019000 0.050000 0.420000 420 292 1627.719028 0.292000 5.574380 0.695238 47087.780485 161.259522 
0.019000 0.050000 0.420000 420 285 1530.315813 0.285000 5.369529 0.678571 47719.126809 167.435533 
0.019000 0.050000 0.420000 420 290 1607.312338 0.290000 5.542456 0.690476 48805.515871 168.294882 
0.019000 0.050000 0.420000 420 286 1448.678684 0.286000 5.065310 0.680952 47966.383546 167.714628 
0.019000 0.050000 0.420000 420 277 1581.713475 0.277000 5.710157 0.659524 46873.234268 169.217452 
0.019000 0.050000 0.420000 420 279 1775.902372 0.279000 6.365241 0.664286 47445.066626 170.054002 
0.019000 0.050000 0.420000 420 281 1651.465392 0.281000 5.877101 0.669048 47197.297271 167.961912 
0.019000 0.050000 0.420000 420 268 1485.484259 0.268000 5.542852 0.638095 47976.852706 179.018107 
0.019000 0.050000 0.420000 420 282 1565.556797 0.282000 5.551620 0.671429 47471.803123 168.339727 
0.020000 0.050000 0.442000 442 240 1511.989077 0.240000 6.299954 0.542986 51131.325273 213.047189 
0.020000 0.050000 0.442000 442 238 1697.313065 0.238000 7.131568 0.538462 51094.658414 214.683439 
0.020000 0.050000 0.442000 442 238 1548.348977 0.238000 6.505668 0.538462 50962.557116 214.128391 
0.020000 0.050000 0.442000 442 239 1507.568543 0.239000 6.307818 0.540724 51254.069492 214.452174 
0.020000 0.050000 0.442000 442 252 1650.579768 0.252000 6.549920 0.570136 51503.424442 204.378668 
0.020000 0.050000 0.442000 442 236 1470.111260 0.236000 6.229285 0.533937 50718.692727 214.909715 
0.020000 0.050000 0.442000 442 244 1645.202601 0.244000 6.742634 0.552036 51339.423686 210.407474 
0.020000 0.050000 0.442000 442 243 1625.985337 0.243000 6.691298 0.549774 51014.384650 209.935739 
0.020000 0.050000 0.442000 442 232 1626.543651 0.232000 7.010964 0.524887 51602.474417 222.424459 
0.020000 0.050000 0.442000 442 232 1419.354430 0.232000 6.117907 0.524887 51057.737247 220.076454 
0.021000 0.050000 0.463000 463 291 1417.241504 0.291000 4.870246 0.628510 55718.271579 191.471724 
0.021000 0.050000 0.463000 463 294 1459.338930 0.294000 4.963738 0.634989 55629.702209 189.216674 
0.021000 0.050000 0.463000 463 302 1444.436141 0.302000 4.782901 0.652268 55877.789322 185.025792 
0.021000 0.050000 0.463000 463 305 1477.956792 0.305000 4.845760 0.658747 55562.065473 182.170706 
0.021000 0.050000 0.463000 463 302 1582.546626 0.302000 5.240221 0.652268 55608.267896 184.133337 
0.021000 0.050000 0.463000 463 290 1383.393017 0.290000 4.770321 0.626350 56109.055972 193.479503 
0.021000 0.050000 0.463000 463 308 1594.325121 0.308000 5.176380 0.665227 56086.764540 182.099885 
0.021000 0.050000 0.463000 463 304 1503.040467 0.304000 4.944212 0.656587 56198.352704 184.863002 
0.021000 0.050000 0.463000 463 298 1420.194446 0.298000 4.765753 0.643629 55698.971079 186.909299 
0.021000 0.050000 0.463000 463 298 1440.088258 0.298000 4.832511 0.643629 55896.998913 187.573822 
0.022000 0.050000 0.486000 486 289 1992.936168 0.289000 6.895973 0.594650 55598.438078 192.382139 
0.022000 0.050000 0.486000 486 285 1567.209598 0.285000 5.498981 0.586420 55081.441704 193.268217 
0.022000 0.050000 0.486000 486 283 1738.591755 0.283000 6.143434 0.582305 55375.340045 195.672580 
0.022000 0.050000 0.486000 486 284 1550.413944 0.284000 5.459204 0.584362 55557.940814 195.626552 
0.022000 0.050000 0.486000 486 280 1872.057568 0.280000 6.685920 0.576132 56359.226437 201.282952 
0.022000 0.050000 0.486000 486 288 1827.062702 0.288000 6.343968 0.592593 56685.011081 196.822955 
0.022000 0.050000 0.486000 486 294 1739.608033 0.294000 5.917034 0.604938 55302.240155 188.102858 
0.022000 0.050000 0.486000 486 295 1819.812747 0.295000 6.168857 0.606996 55713.861063 188.860546 
0.022000 0.050000 0.486000 486 290 1788.730097 0.290000 6.168035 0.596708 56112.433469 193.491150 
0.022000 0.050000 0.486000 486 282 1661.910894 0.282000 5.893301 0.580247 56367.608323 199.885136 
0.023000 0.050000 0.507000 507 337 1734.858403 0.337000 5.147948 0.664694 56873.896118 168.765270 
0.023000 0.050000 0.507000 507 335 1743.535624 0.335000 5.204584 0.660750 57142.931826 170.575916 
0.023000 0.050000 0.507000 507 336 1773.925781 0.336000 5.279541 0.662722 57668.827192 171.633414 
0.023000 0.050000 0.507000 507 342 1736.912946 0.342000 5.078693 0.674556 57255.709400 167.414355 
0.023000 0.050000 0.507000 507 332 1780.579256 0.332000 5.363191 0.654832 56666.657602 170.682704 
0.023000 0.050000 0.507000 507 329 1767.070384 0.329000 5.371035 0.648915 57453.102565 174.629491 
0.023000 0.050000 0.507000 507 352 1822.269493 0.352000 5.176902 0.694280 56612.043449 160.829669 
0.023000 0.050000 0.507000 507 340 1803.165823 0.340000 5.303429 0.670611 56808.260518 167.083119 
0.023000 0.050000 0.507000 507 343 1797.626287 0.343000 5.240893 0.676529 57421.380740 167.409273 
0.023000 0.050000 0.507000 507 340 1762.248927 0.340000 5.183085 0.670611 58136.320481 170.989178 
0.024000 0.050000 0.529000 529 354 1700.341955 0.354000 4.803226 0.669187 54838.356339 154.910611 
0.024000 0.050000 0.529000 529 341 1708.618553 0.341000 5.010612 0.644612 54794.811116 160.688596 
0.024000 0.050000 0.529000 529 349 1714.002288 0.349000 4.911181 0.659735 54484.337637 156.115581 
0.024000 0.050000 0.529000 529 348 1768.123609 0.348000 5.080815 0.657845 54794.983419 157.456849 
0.024000 0.050000 0.529000 529 337 1771.010075 0.337000 5.255223 0.637051 54657.978356 162.189847 
0.024000 0.050000 0.529000 529 352 1725.561893 0.352000 4.902164 0.665406 54228.962670 154.059553 
0.024000 0.050000 0.529000 529 352 1705.633138 0.352000 4.845549 0.665406 54610.162294 155.142507 
0.024000 0.050000 0.529000 529 341 1639.076208 0.341000 4.806675 0.644612 54492.326196 159.801543 
0.024000 0.050000 0.529000 529 347 1743.008386 0.347000 5.023079 0.655955 55081.134336 158.735257 
0.024000 0.050000 0.529000 529 346 1708.241135 0.346000 4.937113 0.654064 54444.474731 157.353973 
0.025000 0.050000 0.552000 552 289 1789.593699 0.289000 6.192366 0.523551 62087.216126 214.834658 
0.025000 0.050000 0.552000 552 293 2001.981421 0.293000 6.832701 0.530797 61679.545148 210.510393 
0.025000 0.050000 0.552000 552 299 1778.239616 0.299000 5.947290 0.541667 62343.039951 208.505150 
0.025000 0.050000 0.552000 552 299 1993.303240 0.299000 6.666566 0.541667 62544.001958 209.177264 
0.025000 0.050000 0.552000 552 279 1579.898806 0.279000 5.662720 0.505435 61816.719376 221.565302 
0.025000 0.050000 0.552000 552 281 1700.634990 0.281000 6.052082 0.509058 62357.886927 221.914188 
0.025000 0.050000 0.552000 552 289 1838.518668 0.289000 6.361656 0.523551 61870.393638 214.084407 
0.025000 0.050000 0.552000 552 287 1794.202200 0.287000 6.251576 0.519928 62240.381066 216.865439 
0.025000 0.050000 0.552000 552 297 1831.506706 0.297000 6.166689 0.538043 62314.997934 209.814808 
0.025000 0.050000 0.552000 552 292 1860.865857 0.292000 6.372828 0.528986 62016.542720 212.385420 
0.026000 0.050000 0.573000 573 293 1604.593560 0.293000 5.476429 0.511344 65857.263835 224.768819 
0.026000 0.050000 0.573000 573 297 1699.654561 0.297000 5.722743 0.518325 65458.065102 220.397526 
0.026000 0.050000 0.573000 573 302 1711.994590 0.302000 5.668856 0.527051 65618.325071 217.279222 
0.026000 0.050000 0.573000 573 324 1841.595054 0.324000 5.683935 0.565445 65403.002965 201.861120 
0.026000 0.050000 0.573000 573 293 1608.383955 0.293000 5.489365 0.511344 66066.364249 225.482472 
0.026000 0.050000 0.573000 573 301 1805.724188 0.301000 5.999084 0.525305 65567.704845 217.832906 
0.026000 0.050000 0.573000 573 296 1665.158915 0.296000 5.625537 0.516579 65237.938412 220.398441 
0.026000 0.050000 0.573000 573 301 1594.410226 0.301000 5.297044 0.525305 65267.645136 216.836030 
0.026000 0.050000 0.573000 573 311 1727.347243 0.311000 5.554171 0.542757 65241.360705 209.779295 
0.026000 0.050000 0.573000 573 294 1585.728061 0.294000 5.393633 0.513089 65243.442929 221.916473 
0.027000 0.050000 0.594000 594 314 2029.946273 0.314000 6.464797 0.528620 63863.173559 203.385903 
0.027000 0.050000 0.594000 594 314 2005.649521 0.314000 6.387419 0.528620 63000.941405 200.639941 
0.027000 0.050000 0.594000 594 329 2731.681404 0.329000 8.302983 0.553872 63234.480831 192.202069 
0.027000 0.050000 0.594000 594 335 1916.742537 0.335000 5.721620 0.563973 62656.652521 187.034784 
0.027000 0.050000 0.594000 594 331 2247.392183 0.331000 6.789704 0.557239 63926.732123 193.132121 
0.027000 0.050000 0.594000 594 339 2310.302053 0.339000 6.815050 0.570707 63753.688462 188.063978 
0.027000 0.050000 0.594000 594 330 2167.826359 0.330000 6.569171 0.555556 63333.675074 191.920227 
0.027000 0.050000 0.594000 594 326 2182.159476 0.326000 6.693741 0.548822 63866.633297 195.909918 
0.027000 0.050000 0.594000 594 338 2131.055921 0.338000 6.304899 0.569024 63008.799929 186.416568 
0.027000 0.050000 0.594000 594 329 2020.931453 0.329000 6.142649 0.553872 63818.565550 193.977403 
0.028000 0.050000 0.616000 616 401 2007.307186 0.401000 5.005754 0.650974 65627.256533 163.658994 
0.028000 0.050000 0.616000 616 399 2075.450563 0.399000 5.201630 0.647727 66364.448479 166.326939 
0.028000 0.050000 0.616000 616 408 2082.588550 0.408000 5.104384 0.662338 65519.605501 160.587268 
0.028000 0.050000 0.616000 616 393 2144.367255 0.393000 5.456405 0.637987 66101.093112 168.196166 
0.028000 0.050000 0.616000 616 409 2050.435344 0.409000 5.013289 0.663961 66136.574326 161.703116 
0.028000 0.050000 0.616000 616 385 2033.846603 0.385000 5.282718 0.625000 66386.966039 172.433678 
0.028000 0.050000 0.616000 616 388 2092.905242 0.388000 5.394086 0.629870 66134.506659 170.449759 
0.028000 0.050000 0.616000 616 392 2146.675765 0.392000 5.476214 0.636364 65592.026460 167.326598 
0.028000 0.050000 0.616000 616 417 2198.011251 0.417000 5.271010 0.676948 65344.466639 156.701359 
0.028000 0.050000 0.616000 616 401 2247.723070 0.401000 5.605294 0.650974 67265.394012 167.744125 
0.029000 0.050000 0.637000 637 414 1977.431626 0.414000 4.776405 0.649922 65505.718576 158.226373 
0.029000 0.050000 0.637000 637 413 1905.364093 0.413000 4.613472 0.648352 65687.298460 159.049149 
0.029000 0.050000 0.637000 637 400 1884.753047 0.400000 4.711883 0.627943 64662.382310 161.655956 
0.029000 0.050000 0.637000 637 413 1979.293114 0.413000 4.792477 0.648352 65857.784937 159.461949 
0.029000 0.050000 0.637000 637 420 2169.662150 0.420000 5.165862 0.659341 66108.342162 157.400815 
0.029000 0.050000 0.637000 637 407 1988.280508 0.407000 4.885210 0.638932 64682.319459 158.924618 
0.029000 0.050000 0.637000 637 408 1933.982713 0.408000 4.740154 0.640502 64536.439768 158.177548 
0.029000 0.050000 0.637000 637 422 1995.692122 0.422000 4.729128 0.662480 65411.629439 155.003861 
0.029000 0.050000 0.637000 637 403 1865.624629 0.403000 4.629342 0.632653 65987.438432 163.740542 
0.029000 0.050000 0.637000 637 401 1865.328470 0.401000 4.651692 0.629513 65006.605343 162.111235 
0.030000 0.050000 0.659000 659 312 1837.785337 0.312000 5.890338 0.473445 71852.473421 230.296389 
0.030000 0.050000 0.659000 659 330 2022.319984 0.330000 6.128242 0.500759 71834.386240 217.679958 
0.030000 0.050000 0.659000 659 338 2124.761668 0.338000 6.286277 0.512898 72304.898940 213.919819 
0.030000 0.050000 0.659000 659 322 1912.680962 0.322000 5.940003 0.488619 72052.259269 223.764780 
0.030000 0.050000 0.659000 659 307 1855.297905 0.307000 6.043316 0.465857 72394.480325 235.812639 
0.030000 0.050000 0.659000 659 309 1864.173859 0.309000 6.032925 0.468892 72673.626813 235.189731 
0.030000 0.050000 0.659000 659 324 2202.834421 0.324000 6.798872 0.491654 72185.115962 222.793568 
0.030000 0.050000 0.659000 659 342 2216.469897 0.342000 6.480906 0.518968 72314.439113 211.445728 
0.030000 0.050000 0.659000 659 346 2338.021175 0.346000 6.757287 0.525038 72438.966354 209.361174 
0.030000 0.050000 0.659000 659 328 1962.361574 0.328000 5.982810 0.497724 72759.924272 221.829037 
0.031000 0.050000 0.683000 683 398 2645.795102 0.398000 6.647726 0.582723 72003.987620 180.914542 
0.031000 0.050000 0.683000 683 387 2317.972629 0.387000 5.989593 0.566618 72249.807245 186.692008 
0.031000 0.050000 0.683000 683 393 2444.078021 0.393000 6.219028 0.575403 72991.193265 185.728227 
0.031000 0.050000 0.683000 683 391 2373.201100 0.391000 6.069568 0.572474 72217.865256 184.700423 
0.031000 0.050000 0.683000 683 390 2512.395464 0.390000 6.442040 0.571010 71764.691848 184.012030 
0.031000 0.050000 0.683000 683 387 2335.418394 0.387000 6.034673 0.566618 72171.960180 186.490853 
0.031000 0.050000 0.683000 683 392 2354.129797 0.392000 6.005433 0.573939 72698.905616 185.456392 
0.031000 0.050000 0.683000 683 378 2371.562180 0.378000 6.273974 0.553441 72793.431648 192.575216 
0.031000 0.050000 0.683000 683 401 2536.104072 0.401000 6.324449 0.587116 72663.513481 181.205769 
0.031000 0.050000 0.683000 683 391 2403.244814 0.391000 6.146406 0.572474 72541.113317 185.527144 
0.032000 0.050000 0.703000 703 371 2559.672240 0.371000 6.899386 0.527738 74007.519320 199.481184 
0.032000 0.050000 0.703000 703 369 2580.561873 0.369000 6.993393 0.524893 73749.576053 199.863350 
0.032000 0.050000 0.703000 703 365 2527.302682 0.365000 6.924117 0.519203 75098.666995 205.749773 
0.032000 0.050000 0.703000 703 367 2476.196407 0.367000 6.747129 0.522048 74200.114722 202.180149 
0.032000 0.050000 0.703000 703 361 2538.442864 0.361000 7.031698 0.513514 74310.107551 205.845173 
0.032000 0.050000 0.703000 703 373 2523.023331 0.373000 6.764138 0.530583 73247.805910 196.374815 
0.032000 0.050000 0.703000 703 359 2561.164173 0.359000 7.134162 0.510669 75207.713536 209.492238 
0.032000 0.050000 0.703000 703 378 2632.025651 0.378000 6.963031 0.537696 74633.104764 197.442076 
0.032000 0.050000 0.703000 703 372 2685.467868 0.372000 7.219000 0.529161 74557.050290 200.422178 
0.032000 0.050000 0.703000 703 385 2761.711429 0.385000 7.173276 0.547653 75024.897445 194.869863 
