0.001000 0.050000 0.036000 36 19 2224.579993 0.019000 117.083158 0.527778 9019.556157 474.713482 
0.001000 0.050000 0.036000 36 19 2849.605286 0.019000 149.979226 0.527778 9599.663084 505.245425 
0.001000 0.050000 0.036000 36 19 2264.174407 0.019000 119.167074 0.527778 9445.862888 497.150678 
0.001000 0.050000 0.036000 36 19 2358.967426 0.019000 124.156180 0.527778 9213.819688 484.937878 
0.001000 0.050000 0.036000 36 19 2180.621623 0.019000 114.769559 0.527778 9018.011698 474.632195 
0.001000 0.050000 0.036000 36 19 2105.589820 0.019000 110.820517 0.527778 9016.155248 474.534487 
0.001000 0.050000 0.036000 36 19 1853.006159 0.019000 97.526640 0.527778 9387.874306 494.098648 
0.001000 0.050000 0.036000 36 19 2153.507335 0.019000 113.342491 0.527778 9195.462978 483.971736 
0.001000 0.050000 0.036000 36 19 2563.344026 0.019000 134.912843 0.527778 9117.215373 479.853441 
0.001000 0.050000 0.036000 36 19 2189.222503 0.019000 115.222237 0.527778 9005.235012 473.959737 
0.002000 0.050000 0.060000 60 41 6301.867347 0.041000 153.704082 0.683333 12192.099914 297.368291 
0.002000 0.050000 0.060000 60 40 5503.674850 0.040000 137.591871 0.666667 11637.796007 290.944900 
0.002000 0.050000 0.060000 60 41 5468.415751 0.041000 133.375994 0.683333 11635.960208 283.803908 
0.002000 0.050000 0.060000 60 39 6554.590873 0.039000 168.066433 0.650000 12195.271948 312.699281 
0.002000 0.050000 0.060000 60 40 6182.554857 0.040000 154.563871 0.666667 11847.260706 296.181518 
0.002000 0.050000 0.060000 60 39 5664.654300 0.039000 145.247546 0.650000 11673.470905 299.319767 
0.002000 0.050000 0.060000 60 40 5979.784178 0.040000 149.494604 0.666667 11617.923359 290.448084 
0.002000 0.050000 0.060000 60 41 5496.806995 0.041000 134.068463 0.683333 11620.592381 283.429082 
0.002000 0.050000 0.060000 60 39 5366.633276 0.039000 137.605981 0.650000 11430.488059 293.089437 
0.002000 0.050000 0.060000 60 40 5587.397639 0.040000 139.684941 0.666667 11752.533605 293.813340 
0.003000 0.050000 0.096000 96 67 9632.802850 0.067000 143.773177 0.697917 14920.290297 222.690900 
0.003000 0.050000 0.096000 96 66 9101.663094 0.066000 137.903986 0.687500 14365.448655 217.658313 
0.003000 0.050000 0.096000 96 65 9954.394093 0.065000 153.144525 0.677083 14542.006874 223.723183 
0.003000 0.050000 0.096000 96 66 10185.729381 0.066000 154.329233 0.687500 14477.918685 219.362404 
0.003000 0.050000 0.096000 96 67 9737.229471 0.067000 145.331783 0.697917 14710.039404 219.552827 
0.003000 0.050000 0.096000 96 66 9753.976520 0.066000 147.787523 0.687500 14641.174181 221.835972 
0.003000 0.050000 0.096000 96 66 9936.201587 0.066000 150.548509 0.687500 14267.050151 216.167427 
0.003000 0.050000 0.096000 96 65 9437.707322 0.065000 145.195497 0.677083 14837.404317 228.267759 
0.003000 0.050000 0.096000 96 65 9852.068946 0.065000 151.570291 0.677083 14492.895256 222.967619 
0.003000 0.050000 0.096000 96 67 10346.157614 0.067000 154.420263 0.697917 14823.863054 221.251687 
0.004000 0.050000 0.120000 120 90 12353.088545 0.090000 137.256539 0.750000 17501.864208 194.465158 
0.004000 0.050000 0.120000 120 88 11758.407857 0.088000 133.618271 0.733333 16490.630845 187.393532 
0.004000 0.050000 0.120000 120 89 12050.286869 0.089000 135.396482 0.741667 17055.316683 191.632772 
0.004000 0.050000 0.120000 120 89 12398.558629 0.089000 139.309648 0.741667 16810.681279 188.884059 
0.004000 0.050000 0.120000 120 90 11699.535941 0.090000 129.994844 0.750000 16877.389060 187.526545 
0.004000 0.050000 0.120000 120 89 12345.248587 0.089000 138.710658 0.741667 16989.275951 190.890741 
0.004000 0.050000 0.120000 120 89 11810.940593 0.089000 132.707198 0.741667 16569.797377 186.177499 
0.004000 0.050000 0.120000 120 88 11357.206395 0.088000 129.059164 0.733333 16344.686851 185.735078 
0.004000 0.050000 0.120000 120 90 12580.075544 0.090000 139.778617 0.750000 17225.954538 191.399495 
0.004000 0.050000 0.120000 120 91 12172.820065 0.091000 133.767253 0.758333 17208.217172 189.101288 
0.005000 0.050000 0.144000 144 108 15396.714463 0.108000 142.562171 0.750000 19065.313696 176.530682 
0.005000 0.050000 0.144000 144 109 16938.799408 0.109000 155.401829 0.756944 20106.935693 184.467300 
0.005000 0.050000 0.144000 144 111 15046.195866 0.111000 135.551314 0.770833 19321.446864 174.067089 
0.005000 0.050000 0.144000 144 111 17059.584223 0.111000 153.689948 0.770833 19638.145275 176.920228 
0.005000 0.050000 0.144000 144 112 16563.571244 0.112000 147.889029 0.777778 19018.406755 169.807203 
0.005000 0.050000 0.144000 144 109 19638.589878 0.109000 180.170549 0.756944 19797.077996 181.624569 
0.005000 0.050000 0.144000 144 111 16641.297827 0.111000 149.921602 0.770833 19236.127196 173.298443 
0.005000 0.050000 0.144000 144 110 16490.285811 0.110000 149.911689 0.763889 18981.023328 172.554758 
0.005000 0.050000 0.144000 144 111 17370.166517 0.111000 156.487987 0.770833 19121.357085 172.264478 
0.005000 0.050000 0.144000 144 110 16751.805349 0.110000 152.289140 0.763889 19137.571618 173.977924 
0.006000 0.050000 0.180000 180 133 23513.597087 0.133000 176.793963 0.738889 22022.738302 165.584499 
0.006000 0.050000 0.180000 180 136 23594.439892 0.136000 173.488529 0.755556 21500.072166 158.088766 
0.006000 0.050000 0.180000 180 134 23922.128118 0.134000 178.523344 0.744444 21743.555621 162.265340 
0.006000 0.050000 0.180000 180 137 26434.904335 0.137000 192.955506 0.761111 22252.166545 162.424573 
0.006000 0.050000 0.180000 180 135 23230.106050 0.135000 172.074860 0.750000 21845.253816 161.816695 
0.006000 0.050000 0.180000 180 137 24858.236802 0.137000 181.446984 0.761111 22418.417391 163.638083 
0.006000 0.050000 0.180000 180 136 27298.487209 0.136000 200.724171 0.755556 22290.544206 163.901060 
0.006000 0.050000 0.180000 180 135 23427.721315 0.135000 173.538676 0.750000 21343.153385 158.097432 
0.006000 0.050000 0.180000 180 136 23326.956198 0.136000 171.521737 0.755556 21776.783268 160.123406 
0.006000 0.050000 0.180000 180 136 23132.149864 0.136000 170.089337 0.755556 21175.648637 155.703299 
0.007000 0.050000 0.204000 204 154 32898.912431 0.154000 213.629302 0.754902 24017.790307 155.959677 
0.007000 0.050000 0.204000 204 157 30700.542464 0.157000 195.544856 0.769608 23857.536945 151.958834 
0.007000 0.050000 0.204000 204 155 30355.474921 0.155000 195.841774 0.759804 24467.178432 157.852764 
0.007000 0.050000 0.204000 204 155 35715.470451 0.155000 230.422390 0.759804 24499.601014 158.061942 
0.007000 0.050000 0.204000 204 158 35241.353051 0.158000 223.046538 0.774510 23927.992771 151.442992 
0.007000 0.050000 0.204000 204 155 31146.468072 0.155000 200.944955 0.759804 23566.409586 152.041352 
0.007000 0.050000 0.204000 204 156 28565.797002 0.156000 183.114083 0.764706 23518.620014 150.760385 
0.007000 0.050000 0.204000 204 156 33196.475820 0.156000 212.797922 0.764706 24126.011174 154.653918 
0.007000 0.050000 0.204000 204 160 36872.868372 0.160000 230.455427 0.784314 23893.819981 149.336375 
0.007000 0.050000 0.204000 204 157 33627.764878 0.157000 214.189585 0.769608 24033.942225 153.082435 
0.008000 0.050000 0.240000 240 169 48275.247926 0.169000 285.652355 0.704167 25975.614678 153.701862 
0.008000 0.050000 0.240000 240 176 43955.307959 0.176000 249.746068 0.733333 25713.433398 146.099053 
0.008000 0.050000 0.240000 240 174 48503.825777 0.174000 278.757619 0.725000 26042.660547 149.670463 
0.008000 0.050000 0.240000 240 172 49034.622998 0.172000 285.085017 0.716667 26335.778734 153.114993 
0.008000 0.050000 0.240000 240 169 42276.857682 0.169000 250.158921 0.704167 25581.310609 151.368702 
0.008000 0.050000 0.240000 240 179 46953.721339 0.179000 262.311292 0.745833 26514.271988 148.124425 
0.008000 0.050000 0.240000 240 173 48108.426332 0.173000 278.083389 0.720833 26296.534366 152.003089 
0.008000 0.050000 0.240000 240 179 46927.390539 0.179000 262.164193 0.745833 26655.129633 148.911339 
0.008000 0.050000 0.240000 240 174 42905.113538 0.174000 246.581112 0.725000 26936.628280 154.808209 
0.008000 0.050000 0.240000 240 176 46926.312641 0.176000 266.626776 0.733333 25415.327632 144.405271 
0.009000 0.050000 0.264000 264 197 54385.793612 0.197000 276.070018 0.746212 27943.926247 141.847341 
0.009000 0.050000 0.264000 264 191 52220.835982 0.191000 273.407518 0.723485 27163.221232 142.215818 
0.009000 0.050000 0.264000 264 178 56548.043930 0.178000 317.685640 0.674242 26502.759629 148.891908 
0.009000 0.050000 0.264000 264 178 57725.773930 0.178000 324.302101 0.674242 27433.685342 154.121828 
0.009000 0.050000 0.264000 264 180 58804.216751 0.180000 326.690093 0.681818 27227.026027 151.261256 
0.009000 0.050000 0.264000 264 183 54692.453840 0.183000 298.865868 0.693182 27308.044567 149.224287 
0.009000 0.050000 0.264000 264 189 55402.047996 0.189000 293.132529 0.715909 27553.350607 145.784924 
0.009000 0.050000 0.264000 264 182 57502.414632 0.182000 315.947333 0.689394 26891.821391 147.757260 
0.009000 0.050000 0.264000 264 179 57004.307507 0.179000 318.459818 0.678030 26878.653490 150.160075 
0.009000 0.050000 0.264000 264 181 61425.749940 0.181000 339.368784 0.685606 27419.988542 151.491649 
0.010000 0.050000 0.288000 288 196 64650.880068 0.196000 329.851429 0.680556 28107.374057 143.404970 
0.010000 0.050000 0.288000 288 182 67610.665733 0.182000 371.487174 0.631944 28166.445400 154.760689 
0.010000 0.050000 0.288000 288 185 77047.166222 0.185000 416.471169 0.642361 27651.575718 149.467977 
0.010000 0.050000 0.288000 288 190 67278.300107 0.190000 354.096316 0.659722 27304.378568 143.707256 
0.010000 0.050000 0.288000 288 178 72219.705627 0.178000 405.728683 0.618056 27390.409219 153.878703 
0.010000 0.050000 0.288000 288 196 61292.556577 0.196000 312.717125 0.680556 28464.485374 145.226966 
0.010000 0.050000 0.288000 288 197 62228.723303 0.197000 315.881844 0.684028 28610.959748 145.233298 
0.010000 0.050000 0.288000 288 188 75368.550407 0.188000 400.896545 0.652778 28286.830140 150.461862 
0.010000 0.050000 0.288000 288 202 74259.336141 0.202000 367.620476 0.701389 29155.696635 144.335132 
0.010000 0.050000 0.288000 288 188 71039.962205 0.188000 377.872139 0.652778 28008.396963 148.980835 
0.011000 0.050000 0.324000 324 187 79960.324506 0.187000 427.595318 0.577160 28700.666151 153.479498 
0.011000 0.050000 0.324000 324 200 79130.704513 0.200000 395.653523 0.617284 29151.149020 145.755745 
0.011000 0.050000 0.324000 324 199 77686.834078 0.199000 390.386101 0.614198 29343.723844 147.455899 
0.011000 0.050000 0.324000 324 207 81073.571890 0.207000 391.659768 0.638889 29654.541934 143.258657 
0.011000 0.050000 0.324000 324 188 81832.977764 0.188000 435.281797 0.580247 28147.597230 149.721262 
0.011000 0.050000 0.324000 324 194 80378.861889 0.194000 414.324030 0.598765 28740.312401 148.145940 
0.011000 0.050000 0.324000 324 188 77276.783065 0.188000 411.046718 0.580247 28221.440882 150.114047 
0.011000 0.050000 0.324000 324 192 78656.127507 0.192000 409.667331 0.592593 28728.584978 149.628047 
0.011000 0.050000 0.324000 324 194 74533.111064 0.194000 384.191294 0.598765 28812.302264 148.517022 
0.011000 0.050000 0.324000 324 201 67939.799605 0.201000 338.008953 0.620370 28603.678322 142.306857 
0.012000 0.050000 0.348000 348 201 96382.216860 0.201000 479.513517 0.577586 29415.043093 146.343498 
0.012000 0.050000 0.348000 348 200 81312.132753 0.200000 406.560664 0.574713 29296.314494 146.481572 
0.012000 0.050000 0.348000 348 205 89827.328343 0.205000 438.182089 0.589080 29241.898347 142.643407 
0.012000 0.050000 0.348000 348 195 92737.433178 0.195000 475.576580 0.560345 28842.321725 147.909342 
0.012000 0.050000 0.348000 348 204 90668.092902 0.204000 444.451436 0.586207 29473.408714 144.477494 
0.012000 0.050000 0.348000 348 201 84641.338112 0.201000 421.101185 0.577586 28979.209849 144.175173 
0.012000 0.050000 0.348000 348 201 82785.154524 0.201000 411.866440 0.577586 29570.637936 147.117602 
0.012000 0.050000 0.348000 348 196 87003.282923 0.196000 443.894301 0.563218 29069.054975 148.311505 
0.012000 0.050000 0.348000 348 208 88724.827357 0.208000 426.561670 0.597701 29401.705539 141.354354 
0.012000 0.050000 0.348000 348 212 82014.534094 0.212000 386.861010 0.609195 29583.048157 139.542680 
0.013000 0.050000 0.384000 384 217 88021.485321 0.217000 405.628965 0.565104 30291.418423 139.591790 
0.013000 0.050000 0.384000 384 215 97067.645103 0.215000 451.477419 0.559896 30233.566439 140.621239 
0.013000 0.050000 0.384000 384 205 87404.188810 0.205000 426.361897 0.533854 29537.419936 144.084975 
0.013000 0.050000 0.384000 384 215 88765.272453 0.215000 412.861732 0.559896 30113.609932 140.063302 
0.013000 0.050000 0.384000 384 209 90525.364050 0.209000 433.135713 0.544271 30319.596460 145.069840 
0.013000 0.050000 0.384000 384 200 100879.106524 0.200000 504.395533 0.520833 29213.488887 146.067444 
0.013000 0.050000 0.384000 384 214 96083.045948 0.214000 448.986196 0.557292 31015.617565 144.932792 
0.013000 0.050000 0.384000 384 214 95796.117132 0.214000 447.645407 0.557292 29642.284912 138.515350 
0.013000 0.050000 0.384000 384 215 101007.265629 0.215000 469.801235 0.559896 30591.628539 142.286644 
0.013000 0.050000 0.384000 384 215 86719.565437 0.215000 403.346816 0.559896 29814.980590 138.674328 
0.014000 0.050000 0.408000 408 210 94181.962764 0.210000 448.485537 0.514706 29595.072447 140.928916 
0.014000 0.050000 0.408000 408 218 102014.633230 0.218000 467.957033 0.534314 30259.945037 138.807087 
0.014000 0.050000 0.408000 408 226 97974.131790 0.226000 433.513857 0.553922 31267.556588 138.352020 
0.014000 0.050000 0.408000 408 210 102935.039696 0.210000 490.166856 0.514706 30048.658573 143.088850 
0.014000 0.050000 0.408000 408 211 112541.311390 0.211000 533.371144 0.517157 30019.741934 142.273658 
0.014000 0.050000 0.408000 408 216 93828.797661 0.216000 434.392582 0.529412 30803.805642 142.610211 
0.014000 0.050000 0.408000 408 216 101725.988949 0.216000 470.953653 0.529412 30725.877475 142.249433 
0.014000 0.050000 0.408000 408 211 105029.697048 0.211000 497.771076 0.517157 30283.502017 143.523706 
0.014000 0.050000 0.408000 408 217 98566.393163 0.217000 454.223010 0.531863 30776.430269 141.826868 
0.014000 0.050000 0.408000 408 219 95594.258975 0.219000 436.503466 0.536765 30414.847964 138.880584 
0.015000 0.050000 0.432000 432 201 111881.431950 0.201000 556.624040 0.465278 29949.203122 149.001011 
0.015000 0.050000 0.432000 432 215 107718.650613 0.215000 501.016980 0.497685 31464.660576 146.347258 
0.015000 0.050000 0.432000 432 217 116442.525061 0.217000 536.601498 0.502315 29984.409479 138.177002 
0.015000 0.050000 0.432000 432 211 108440.528634 0.211000 513.936155 0.488426 30345.739153 143.818669 
0.015000 0.050000 0.432000 432 223 111214.406040 0.223000 498.719310 0.516204 31084.978375 139.394522 
0.015000 0.050000 0.432000 432 224 104923.074525 0.224000 468.406583 0.518519 31331.283929 139.871803 
0.015000 0.050000 0.432000 432 220 115065.061099 0.220000 523.023005 0.509259 31147.276850 141.578531 
0.015000 0.050000 0.432000 432 218 103555.162440 0.218000 475.023681 0.504630 30724.229738 140.936834 
0.015000 0.050000 0.432000 432 215 114767.034066 0.215000 533.800158 0.497685 30325.658320 141.049574 
0.015000 0.050000 0.432000 432 227 111464.038118 0.227000 491.031005 0.525463 31644.747041 139.404172 
0.016000 0.050000 0.468000 468 224 115571.745020 0.224000 515.945290 0.478632 30990.510022 138.350491 
0.016000 0.050000 0.468000 468 206 126428.571660 0.206000 613.730930 0.440171 30277.346180 146.977409 
0.016000 0.050000 0.468000 468 215 125167.258815 0.215000 582.173297 0.459402 31026.387068 144.308777 
0.016000 0.050000 0.468000 468 221 111065.885329 0.221000 502.560567 0.472222 31908.985967 144.384552 
0.016000 0.050000 0.468000 468 216 124991.220818 0.216000 578.663059 0.461538 30599.409903 141.663935 
0.016000 0.050000 0.468000 468 238 121582.192030 0.238000 510.849546 0.508547 32207.941002 135.327483 
0.016000 0.050000 0.468000 468 216 128810.942059 0.216000 596.346954 0.461538 30720.305501 142.223637 
0.016000 0.050000 0.468000 468 223 124353.404697 0.223000 557.638586 0.476496 31011.239032 139.063852 
0.016000 0.050000 0.468000 468 230 108959.634184 0.230000 473.737540 0.491453 30906.212260 134.374836 
0.016000 0.050000 0.468000 468 219 119538.351867 0.219000 545.837223 0.467949 31001.651842 141.560054 
0.017000 0.050000 0.492000 492 238 129281.914770 0.238000 543.201323 0.483740 32226.066551 135.403641 
0.017000 0.050000 0.492000 492 222 113730.541063 0.222000 512.299735 0.451220 30922.582751 139.290913 
0.017000 0.050000 0.492000 492 222 134134.168439 0.222000 604.207966 0.451220 31124.657310 140.201159 
0.017000 0.050000 0.492000 492 226 127577.284776 0.226000 564.501260 0.459350 31678.576547 140.170693 
0.017000 0.050000 0.492000 492 234 117549.135859 0.234000 502.346734 0.475610 31749.803652 135.682922 
0.017000 0.050000 0.492000 492 220 131209.059150 0.220000 596.404814 0.447154 31417.723755 142.807835 
0.017000 0.050000 0.492000 492 227 112963.380364 0.227000 497.636037 0.461382 31228.208990 137.569203 
0.017000 0.050000 0.492000 492 233 119018.706784 0.233000 510.809900 0.473577 32028.937867 137.463253 
0.017000 0.050000 0.492000 492 237 137472.314912 0.237000 580.051962 0.481707 32097.997810 135.434590 
0.017000 0.050000 0.492000 492 228 126918.952672 0.228000 556.662073 0.463415 31967.571917 140.208649 
0.018000 0.050000 0.528000 528 228 126536.399034 0.228000 554.984206 0.431818 32063.340747 140.628687 
0.018000 0.050000 0.528000 528 212 129551.817200 0.212000 611.093477 0.401515 30438.427946 143.577490 
0.018000 0.050000 0.528000 528 216 131855.550899 0.216000 610.442365 0.409091 30302.328644 140.288559 
0.018000 0.050000 0.528000 528 235 138755.027705 0.235000 590.446926 0.445076 31917.415623 135.818790 
0.018000 0.050000 0.528000 528 238 120343.111372 0.238000 505.643325 0.450758 33204.330117 139.513992 
0.018000 0.050000 0.528000 528 225 142570.620207 0.225000 633.647201 0.426136 31688.821243 140.839206 
0.018000 0.050000 0.528000 528 217 134556.197714 0.217000 620.074644 0.410985 30441.008834 140.281147 
0.018000 0.050000 0.528000 528 227 112630.395894 0.227000 496.169145 0.429924 31658.539203 139.464930 
0.018000 0.050000 0.528000 528 226 146231.492878 0.226000 647.042004 0.428030 30849.565456 136.502502 
0.018000 0.050000 0.528000 528 227 143485.382590 0.227000 632.094196 0.429924 32060.456092 141.235489 
0.019000 0.050000 0.552000 552 221 147205.533220 0.221000 666.088386 0.400362 31409.910992 142.126294 
0.019000 0.050000 0.552000 552 234 136226.047819 0.234000 582.162598 0.423913 32351.321115 138.253509 
0.019000 0.050000 0.552000 552 228 136371.384608 0.228000 598.120108 0.413043 31845.147182 139.671698 
0.019000 0.050000 0.552000 552 238 141154.427568 0.238000 593.085830 0.431159 32120.011408 134.958031 
0.019000 0.050000 0.552000 552 241 126291.895047 0.241000 524.032760 0.436594 32652.859022 135.489042 
0.019000 0.050000 0.552000 552 227 133771.679953 0.227000 589.302555 0.411232 32438.995774 142.903065 
0.019000 0.050000 0.552000 552 236 142690.484588 0.236000 604.620697 0.427536 32411.049961 137.334957 
0.019000 0.050000 0.552000 552 244 134789.773390 0.244000 552.417104 0.442029 32571.804151 133.491001 
0.019000 0.050000 0.552000 552 222 140534.269066 0.222000 633.037248 0.402174 31696.778535 142.778282 
0.019000 0.050000 0.552000 552 235 132181.874105 0.235000 562.476060 0.425725 32336.711041 137.603026 
0.020000 0.050000 0.576000 576 233 137157.351026 0.233000 588.658159 0.404514 32000.230332 137.340044 
0.020000 0.050000 0.576000 576 240 139989.722379 0.240000 583.290510 0.416667 32072.483419 133.635348 
0.020000 0.050000 0.576000 576 227 152570.979943 0.227000 672.118854 0.394097 31928.552211 140.654415 
0.020000 0.050000 0.576000 576 219 144920.570561 0.219000 661.737765 0.380208 31696.693335 144.733760 
0.020000 0.050000 0.576000 576 245 123782.373481 0.245000 505.234177 0.425347 33271.348160 135.801421 
0.020000 0.050000 0.576000 576 240 146101.894773 0.240000 608.757895 0.416667 32815.573168 136.731555 
0.020000 0.050000 0.576000 576 247 140258.008657 0.247000 567.846189 0.428819 32895.808548 133.181411 
0.020000 0.050000 0.576000 576 236 141550.034186 0.236000 599.788280 0.409722 32434.403384 137.433913 
0.020000 0.050000 0.576000 576 232 134504.818511 0.232000 579.762149 0.402778 32394.637583 139.632059 
0.020000 0.050000 0.576000 576 230 139314.872657 0.230000 605.716838 0.399306 32638.144445 141.904976 
0.021000 0.050000 0.612000 612 239 145747.529510 0.239000 609.822299 0.390523 32331.192352 135.276955 
0.021000 0.050000 0.612000 612 238 141714.471735 0.238000 595.438957 0.388889 32877.873701 138.142326 
0.021000 0.050000 0.612000 612 229 144800.665466 0.229000 632.317316 0.374183 32134.829013 140.326764 
0.021000 0.050000 0.612000 612 240 144533.112987 0.240000 602.221304 0.392157 32611.921356 135.883006 
0.021000 0.050000 0.612000 612 238 152910.397583 0.238000 642.480662 0.388889 32794.239287 137.790921 
0.021000 0.050000 0.612000 612 243 141530.827415 0.243000 582.431389 0.397059 33475.373513 137.758739 
0.021000 0.050000 0.612000 612 244 151148.417299 0.244000 619.460727 0.398693 32532.188962 133.328643 
0.021000 0.050000 0.612000 612 234 140734.225605 0.234000 601.428315 0.382353 32635.057908 139.466059 
0.021000 0.050000 0.612000 612 217 161579.480367 0.217000 744.605900 0.354575 31499.861913 145.160654 
0.021000 0.050000 0.612000 612 250 153462.689068 0.250000 613.850756 0.408497 32909.116318 131.636465 
0.022000 0.050000 0.636000 636 236 170275.694022 0.236000 721.507178 0.371069 32018.780706 135.672800 
0.022000 0.050000 0.636000 636 233 162958.533345 0.233000 699.392847 0.366352 31687.764228 135.998988 
0.022000 0.050000 0.636000 636 235 151546.260398 0.235000 644.877704 0.369497 32214.604275 137.083422 
0.022000 0.050000 0.636000 636 223 148318.529124 0.223000 665.105512 0.350629 31560.221328 141.525656 
0.022000 0.050000 0.636000 636 240 150609.035129 0.240000 627.537646 0.377358 32465.893568 135.274557 
0.022000 0.050000 0.636000 636 230 158124.727980 0.230000 687.498817 0.361635 32020.809315 139.220910 
0.022000 0.050000 0.636000 636 238 161345.779746 0.238000 677.923444 0.374214 32630.702423 137.103792 
0.022000 0.050000 0.636000 636 235 159077.858719 0.235000 676.927058 0.369497 31744.548860 135.083187 
0.022000 0.050000 0.636000 636 252 144333.122110 0.252000 572.750485 0.396226 33317.057347 132.210545 
0.022000 0.050000 0.636000 636 228 161800.842727 0.228000 709.652819 0.358491 32034.159465 140.500699 
0.023000 0.050000 0.672000 672 243 164071.883869 0.243000 675.192938 0.361607 33277.056075 136.942618 
0.023000 0.050000 0.672000 672 221 161721.763665 0.221000 731.772686 0.328869 31411.685002 142.134321 
0.023000 0.050000 0.672000 672 233 165084.641213 0.233000 708.517773 0.346726 32811.565509 140.822170 
0.023000 0.050000 0.672000 672 237 161794.495484 0.237000 682.677196 0.352679 32421.245554 136.798504 
0.023000 0.050000 0.672000 672 240 157040.108225 0.240000 654.333784 0.357143 32283.017321 134.512572 
0.023000 0.050000 0.672000 672 230 149172.422785 0.230000 648.575751 0.342262 32157.388825 139.814734 
0.023000 0.050000 0.672000 672 226 155702.960248 0.226000 688.951152 0.336310 32115.709952 142.104911 
0.023000 0.050000 0.672000 672 239 147603.749804 0.239000 617.588911 0.355655 32693.803983 136.794159 
0.023000 0.050000 0.672000 672 233 149651.051481 0.233000 642.279191 0.346726 32520.865961 139.574532 
0.023000 0.050000 0.672000 672 222 148977.419929 0.222000 671.069459 0.330357 31357.109356 141.248240 
0.024000 0.050000 0.696000 696 229 146631.410135 0.229000 640.311835 0.329023 32710.514767 142.840676 
0.024000 0.050000 0.696000 696 241 166494.343782 0.241000 690.847900 0.346264 32173.868764 133.501530 
0.024000 0.050000 0.696000 696 255 168992.675968 0.255000 662.716376 0.366379 33326.792478 130.693304 
0.024000 0.050000 0.696000 696 233 170829.596450 0.233000 733.174234 0.334770 32271.535455 138.504444 
0.024000 0.050000 0.696000 696 229 182373.558621 0.229000 796.391086 0.329023 32098.777859 140.169336 
0.024000 0.050000 0.696000 696 237 162617.238957 0.237000 686.148688 0.340517 33064.402931 139.512249 
0.024000 0.050000 0.696000 696 232 153502.438638 0.232000 661.648442 0.333333 32044.356821 138.122228 
0.024000 0.050000 0.696000 696 233 163730.517548 0.233000 702.706084 0.334770 32379.961150 138.969790 
0.024000 0.050000 0.696000 696 241 159868.122312 0.241000 663.353205 0.346264 33281.625264 138.098030 
0.024000 0.050000 0.696000 696 231 172224.263804 0.231000 745.559584 0.331897 32582.923193 141.051616 
0.025000 0.050000 0.720000 720 249 171632.774413 0.249000 689.288251 0.345833 33659.830604 135.180043 
0.025000 0.050000 0.720000 720 220 168444.183699 0.220000 765.655380 0.305556 31450.057223 142.954806 
0.025000 0.050000 0.720000 720 244 163319.068202 0.244000 669.340443 0.338889 32927.797290 134.949989 
0.025000 0.050000 0.720000 720 255 144264.815015 0.255000 565.744373 0.354167 33438.057348 131.129637 
0.025000 0.050000 0.720000 720 232 153752.707518 0.232000 662.727188 0.322222 31968.224463 137.794071 
0.025000 0.050000 0.720000 720 246 166536.155272 0.246000 676.976241 0.341667 32744.695974 133.108520 
0.025000 0.050000 0.720000 720 253 160693.097902 0.253000 635.150585 0.351389 33078.490230 130.745021 
0.025000 0.050000 0.720000 720 244 160481.605078 0.244000 657.711496 0.338889 33193.297511 136.038105 
0.025000 0.050000 0.720000 720 226 184095.137771 0.226000 814.580256 0.313889 32550.022324 144.026647 
0.025000 0.050000 0.720000 720 228 157793.169119 0.228000 692.075303 0.316667 32374.771402 141.994611 
0.026000 0.050000 0.756000 756 235 161510.584723 0.235000 687.279084 0.310847 32596.817392 138.709861 
0.026000 0.050000 0.756000 756 250 169063.693421 0.250000 676.254774 0.330688 33074.420621 132.297682 
0.026000 0.050000 0.756000 756 259 172813.207297 0.259000 667.232461 0.342593 34306.593176 132.457889 
0.026000 0.050000 0.756000 756 235 172060.040646 0.235000 732.170386 0.310847 32509.196813 138.337008 
0.026000 0.050000 0.756000 756 238 179482.599467 0.238000 754.128569 0.314815 32303.931598 135.730805 
0.026000 0.050000 0.756000 756 224 167909.170835 0.224000 749.594513 0.296296 31499.610979 140.623263 
0.026000 0.050000 0.756000 756 227 179273.473654 0.227000 789.750985 0.300265 31862.230368 140.362248 
0.026000 0.050000 0.756000 756 239 178944.881636 0.239000 748.723354 0.316138 32305.577260 135.169779 
0.026000 0.050000 0.756000 756 233 161308.967969 0.233000 692.313167 0.308201 31812.858003 136.535871 
0.026000 0.050000 0.756000 756 233 190354.889257 0.233000 816.973774 0.308201 32630.230904 140.043909 
0.027000 0.050000 0.780000 780 210 168829.715021 0.210000 803.951024 0.269231 30611.380484 145.768478 
0.027000 0.050000 0.780000 780 248 176658.145668 0.248000 712.331233 0.317949 33759.899812 136.128628 
0.027000 0.050000 0.780000 780 233 178561.185787 0.233000 766.357021 0.298718 32453.300796 139.284553 
0.027000 0.050000 0.780000 780 273 156361.373710 0.273000 572.752285 0.350000 34766.066387 127.348229 
0.027000 0.050000 0.780000 780 219 167146.151446 0.219000 763.224436 0.280769 31526.175704 143.955140 
0.027000 0.050000 0.780000 780 245 182647.584319 0.245000 745.500344 0.314103 33521.843732 136.823852 
0.027000 0.050000 0.780000 780 232 180361.609850 0.232000 777.420732 0.297436 31686.656087 136.580414 
0.027000 0.050000 0.780000 780 237 174612.572520 0.237000 736.761909 0.303846 32652.692560 137.775074 
0.027000 0.050000 0.780000 780 245 170541.286087 0.245000 696.086882 0.314103 33056.927968 134.926237 
0.027000 0.050000 0.780000 780 235 184847.213666 0.235000 786.583888 0.301282 32671.694049 139.028485 
0.028000 0.050000 0.816000 816 241 175781.519767 0.241000 729.383899 0.295343 32895.878085 136.497419 
0.028000 0.050000 0.816000 816 233 175999.693760 0.233000 755.363493 0.285539 32127.801243 137.887559 
0.028000 0.050000 0.816000 816 245 177376.930059 0.245000 723.987470 0.300245 33041.172964 134.861930 
0.028000 0.050000 0.816000 816 241 193288.032170 0.241000 802.025030 0.295343 32664.614951 135.537821 
0.028000 0.050000 0.816000 816 242 169896.219875 0.242000 702.050495 0.296569 32859.504045 135.783075 
0.028000 0.050000 0.816000 816 235 189154.051388 0.235000 804.910857 0.287990 33371.504279 142.006401 
0.028000 0.050000 0.816000 816 232 187677.162956 0.232000 808.953289 0.284314 32345.699698 139.421119 
0.028000 0.050000 0.816000 816 234 164296.662351 0.234000 702.122489 0.286765 33028.032899 141.145440 
0.028000 0.050000 0.816000 816 248 151897.990573 0.248000 612.491897 0.303922 33719.748658 135.966728 
0.028000 0.050000 0.816000 816 257 194398.428526 0.257000 756.414119 0.314951 34326.300888 133.565373 
0.029000 0.050000 0.840000 840 252 179074.284688 0.252000 710.612241 0.300000 33857.007448 134.353204 
0.029000 0.050000 0.840000 840 238 180523.375274 0.238000 758.501577 0.283333 32760.304113 137.648337 
0.029000 0.050000 0.840000 840 240 188337.457409 0.240000 784.739406 0.285714 32931.830352 137.215960 
0.029000 0.050000 0.840000 840 222 171570.721112 0.222000 772.841086 0.264286 31272.056640 140.865120 
0.029000 0.050000 0.840000 840 239 185700.780523 0.239000 776.990713 0.284524 33054.974660 138.305333 
0.029000 0.050000 0.840000 840 238 181928.748088 0.238000 764.406505 0.283333 32368.486141 136.002043 
0.029000 0.050000 0.840000 840 235 178654.863108 0.235000 760.233460 0.279762 33125.167664 140.958160 
0.029000 0.050000 0.840000 840 237 165352.121464 0.237000 697.688276 0.282143 33233.564179 140.226009 
0.029000 0.050000 0.840000 840 225 187324.120923 0.225000 832.551649 0.267857 32421.927845 144.097457 
0.029000 0.050000 0.840000 840 232 184438.849418 0.232000 794.995041 0.276190 32809.046746 141.418305 
0.030000 0.050000 0.864000 864 237 182837.722569 0.237000 771.467184 0.274306 32291.690931 136.251860 
0.030000 0.050000 0.864000 864 238 192464.569136 0.238000 808.674660 0.275463 32633.038496 137.113607 
0.030000 0.050000 0.864000 864 241 191961.043348 0.241000 796.518852 0.278935 32987.350752 136.876974 
0.030000 0.050000 0.864000 864 228 187438.868155 0.228000 822.100299 0.263889 32725.673997 143.533658 
0.030000 0.050000 0.864000 864 250 178886.481638 0.250000 715.545927 0.289352 33207.493817 132.829975 
0.030000 0.050000 0.864000 864 250 188010.761661 0.250000 752.043047 0.289352 34113.619476 136.454478 
0.030000 0.050000 0.864000 864 252 200163.717019 0.252000 794.300464 0.291667 33256.887773 131.971777 
0.030000 0.050000 0.864000 864 238 188542.354132 0.238000 792.194765 0.275463 32779.373360 137.728459 
0.030000 0.050000 0.864000 864 228 193705.478065 0.228000 849.585430 0.263889 31714.115751 139.096999 
0.030000 0.050000 0.864000 864 237 184348.047336 0.237000 777.839862 0.274306 32369.536459 136.580323 
