0.012000 0.050000 0.024000 24 23 2473.871973 0.023800 103.984538 0.991667 400.465152
0.024000 0.050000 0.040000 40 42 2082.627788 0.042200 49.372853 1.055000 272.721552
0.036000 0.050000 0.060000 60 61 2431.442590 0.061200 39.712214 1.020000 219.034112
0.048000 0.050000 0.076000 76 79 2855.276020 0.079100 36.097366 1.040790 191.180345
0.060000 0.050000 0.092000 92 94 4779.391914 0.094700 50.449805 1.029348 179.739124
0.072000 0.050000 0.114000 114 115 4392.141998 0.115800 37.932903 1.015790 162.819493
0.084000 0.050000 0.130000 130 132 5407.425650 0.132800 40.727747 1.021539 155.125229
0.096000 0.050000 0.148000 148 150 7617.037196 0.150100 50.775050 1.014189 150.064495
0.120000 0.050000 0.182000 182 177 16529.737829 0.177800 92.976437 0.976923 145.224483
0.132000 0.050000 0.202000 202 186 21425.073724 0.186200 115.212440 0.921782 145.156025
0.144000 0.050000 0.220000 220 191 27031.328569 0.191300 141.610803 0.869545 144.848283
0.168000 0.050000 0.256000 256 202 37101.565383 0.202100 184.026160 0.789453 143.051167
0.180000 0.050000 0.272000 272 204 41856.585238 0.204800 204.778829 0.752941 142.719155
0.192000 0.050000 0.290000 290 213 47467.998949 0.213600 222.680430 0.736552 140.461005
0.204000 0.050000 0.308000 308 214 45699.508513 0.214300 213.551327 0.695779 139.548011
0.228000 0.050000 0.346000 346 218 55171.870629 0.218300 253.249487 0.630925 139.227966
0.240000 0.050000 0.362000 362 225 57647.105305 0.225000 256.770378 0.621547 138.291703
0.252000 0.050000 0.380000 380 225 58843.165858 0.225400 261.614212 0.593158 138.310323
0.264000 0.050000 0.398000 398 228 64925.946222 0.228200 285.839713 0.573367 137.430943
0.276000 0.050000 0.415000 415 231 63332.647102 0.231600 273.650651 0.558072 137.400681
0.288000 0.050000 0.434000 434 236 67293.498457 0.236300 285.001857 0.544470 136.006076
0.300000 0.050000 0.452000 452 237 73109.694490 0.237300 308.666881 0.525000 134.938951
0.324000 0.050000 0.488000 488 238 72211.927798 0.238900 302.285824 0.489549 133.979688
0.336000 0.050000 0.504000 504 234 79692.137838 0.234800 339.608955 0.465873 137.410163
0.348000 0.050000 0.524000 524 232 89539.278096 0.232300 385.746256 0.443320 138.459024
0.360000 0.050000 0.542000 542 228 90731.948416 0.228900 399.558989 0.422325 142.166822
