0.012000 0.005000 0.029100 29 12 11002.103350 0.012300 898.548696 0.422562 906.859349
0.024000 0.005000 0.048800 48 18 7587.081179 0.018000 421.232198 0.368783 730.154021
0.036000 0.005000 0.070800 70 29 9284.595480 0.029700 313.414952 0.419500 579.953857
0.048000 0.005000 0.091700 91 43 9674.290543 0.043900 220.347846 0.478773 480.072168
0.060000 0.005000 0.110100 110 56 9146.313313 0.056300 162.438895 0.511518 406.862387
0.072000 0.005000 0.140000 140 63 9816.424575 0.063800 154.133855 0.455868 422.952727
0.084000 0.005000 0.162700 162 76 10254.187410 0.076600 133.999764 0.470846 398.858427
0.096000 0.005000 0.185500 185 90 10979.117771 0.090100 121.920531 0.485749 373.089745
0.120000 0.005000 0.222900 222 114 14071.995441 0.114900 122.521117 0.515583 348.426880
0.132000 0.005000 0.247800 247 122 12339.584325 0.122300 100.834046 0.493780 356.619376
0.144000 0.005000 0.273200 273 135 13925.438637 0.135100 103.142625 0.494536 345.559085
0.168000 0.005000 0.314600 314 158 15578.534406 0.158500 98.145210 0.503802 332.261563
0.180000 0.005000 0.330600 330 162 19644.112796 0.162900 120.950991 0.492877 325.480022
0.192000 0.005000 0.350100 350 162 18845.495688 0.162700 115.228152 0.464903 341.848739
0.204000 0.005000 0.375200 375 172 22512.747853 0.172600 130.096070 0.460077 328.221904
0.228000 0.005000 0.420600 420 185 26986.042383 0.185700 145.262107 0.441618 318.900286
0.240000 0.005000 0.443300 443 193 32433.626411 0.193700 167.502960 0.437424 313.300570
0.252000 0.005000 0.457900 457 190 34240.914963 0.190900 180.455572 0.416898 322.165251
0.264000 0.005000 0.483700 483 196 37112.071700 0.196900 189.570265 0.407170 315.822156
0.276000 0.005000 0.508100 508 198 35230.189351 0.198500 177.647933 0.390724 319.356832
0.288000 0.005000 0.526700 526 202 40615.469146 0.202500 201.106893 0.384722 313.979571
0.300000 0.005000 0.548700 548 199 47483.349395 0.199100 239.764059 0.363013 320.182616
0.324000 0.005000 0.596000 596 208 48292.257783 0.208500 232.648084 0.349831 316.443577
0.336000 0.005000 0.613500 613 209 50751.599771 0.209700 241.600469 0.341725 315.672844
0.348000 0.005000 0.633000 633 208 51827.917619 0.208200 248.942193 0.328962 317.901426
0.360000 0.005000 0.653100 653 211 58580.292043 0.211400 278.206675 0.323611 311.145486
