0.012000 0.050000 0.036000 36 14 80.047097 0.014000 5.717650 0.388889 698.870764
0.024000 0.050000 0.060000 60 25 146.790380 0.025000 5.871615 0.416667 475.839327
0.036000 0.050000 0.096000 96 38 231.098306 0.038000 6.081534 0.395833 394.238545
0.048000 0.050000 0.120000 120 50 298.661505 0.050000 5.973230 0.416667 341.921326
0.060000 0.050000 0.144000 144 58 355.492877 0.058000 6.129188 0.402778 331.069005
0.072000 0.050000 0.180000 180 74 438.575874 0.074000 5.926701 0.411111 303.381647
0.084000 0.050000 0.204000 204 83 498.640369 0.083000 6.007715 0.406863 295.936078
0.096000 0.050000 0.240000 240 99 590.751045 0.099000 5.967182 0.412500 279.281227
0.120000 0.050000 0.288000 288 117 703.890300 0.117000 6.016156 0.406250 272.395874
0.132000 0.050000 0.324000 324 132 791.883677 0.132000 5.999119 0.407407 266.007304
0.144000 0.050000 0.348000 348 145 862.388182 0.145000 5.947505 0.416667 256.775568
0.168000 0.050000 0.408000 408 170 1016.482443 0.170000 5.979308 0.416667 249.592880
0.180000 0.050000 0.432000 432 180 1082.416738 0.180000 6.013426 0.416667 247.435529
0.192000 0.050000 0.468000 468 196 1172.439103 0.196000 5.981832 0.418803 243.783330
0.204000 0.050000 0.492000 492 206 1226.619657 0.206000 5.954464 0.418699 242.220960
0.228000 0.050000 0.552000 552 229 1364.947333 0.229000 5.960469 0.414855 240.587928
0.240000 0.050000 0.576000 576 239 1427.113140 0.239000 5.971185 0.414931 239.368498
0.252000 0.050000 0.612000 612 254 1516.395126 0.254000 5.970060 0.415033 237.944559
0.264000 0.050000 0.636000 636 263 1572.780368 0.263000 5.980153 0.413522 237.883631
0.276000 0.050000 0.670000 670 278 1652.409263 0.278000 5.943918 0.414925 234.630514
0.288000 0.050000 0.696000 696 291 1737.931650 0.291000 5.972274 0.418103 232.863447
0.300000 0.050000 0.720000 720 301 1801.035076 0.301000 5.983505 0.418056 232.150308
0.324000 0.050000 0.780000 780 326 1935.149997 0.326000 5.936043 0.417949 230.765363
0.336000 0.050000 0.812000 812 335 1992.694622 0.335000 5.948342 0.412562 232.302480
0.348000 0.050000 0.840000 840 349 2073.024874 0.349000 5.939899 0.415476 230.455396
0.360000 0.050000 0.864000 864 360 2149.727609 0.360000 5.971466 0.416667 229.282073
