0.001000 0.050000 0.036000 36 19 2285.065162 0.019000 120.266587 0.527778 9129.981190 480.525326 
0.001000 0.050000 0.036000 36 19 2494.163939 0.019000 131.271786 0.527778 9202.524783 484.343410 
0.001000 0.050000 0.036000 36 19 2320.678015 0.019000 122.140948 0.527778 9031.690628 475.352138 
0.001000 0.050000 0.036000 36 19 2471.224364 0.019000 130.064440 0.527778 9211.380036 484.809476 
0.001000 0.050000 0.036000 36 19 2113.783329 0.019000 111.251754 0.527778 9190.517234 483.711433 
0.001000 0.050000 0.036000 36 19 2210.277357 0.019000 116.330387 0.527778 9121.917355 480.100913 
0.001000 0.050000 0.036000 36 19 2364.816504 0.019000 124.464027 0.527778 9292.847540 489.097239 
0.001000 0.050000 0.036000 36 19 2285.095309 0.019000 120.268174 0.527778 9205.500829 484.500044 
0.001000 0.050000 0.036000 36 19 2174.186701 0.019000 114.430879 0.527778 9095.476206 478.709274 
0.001000 0.050000 0.036000 36 19 2523.692907 0.019000 132.825942 0.527778 9165.112216 482.374327 
0.002000 0.050000 0.060000 60 40 5676.944036 0.040000 141.923601 0.666667 11511.724799 287.793120 
0.002000 0.050000 0.060000 60 41 5743.752233 0.041000 140.091518 0.683333 11860.891402 289.290034 
0.002000 0.050000 0.060000 60 40 5697.492885 0.040000 142.437322 0.666667 11638.014771 290.950369 
0.002000 0.050000 0.060000 60 39 6105.462326 0.039000 156.550316 0.650000 11876.704480 304.530884 
0.002000 0.050000 0.060000 60 39 6166.088454 0.039000 158.104832 0.650000 11955.860640 306.560529 
0.002000 0.050000 0.060000 60 40 5963.053862 0.040000 149.076347 0.666667 11680.794190 292.019855 
0.002000 0.050000 0.060000 60 40 5992.848929 0.040000 149.821223 0.666667 11913.333559 297.833339 
0.002000 0.050000 0.060000 60 39 4521.708054 0.039000 115.941232 0.650000 11674.852255 299.355186 
0.002000 0.050000 0.060000 60 40 5952.686319 0.040000 148.817158 0.666667 11779.663158 294.491579 
0.002000 0.050000 0.060000 60 40 5758.667452 0.040000 143.966686 0.666667 11781.593818 294.539845 
0.003000 0.050000 0.096000 96 66 9806.720214 0.066000 148.586670 0.687500 14170.442455 214.703674 
0.003000 0.050000 0.096000 96 66 9076.189363 0.066000 137.518021 0.687500 14592.190101 221.093789 
0.003000 0.050000 0.096000 96 65 9457.493685 0.065000 145.499903 0.677083 14732.076847 226.647336 
0.003000 0.050000 0.096000 96 66 8738.509347 0.066000 132.401657 0.687500 14526.444823 220.097649 
0.003000 0.050000 0.096000 96 67 9765.005354 0.067000 145.746349 0.697917 14552.843148 217.206614 
0.003000 0.050000 0.096000 96 67 10271.805404 0.067000 153.310528 0.697917 14602.399784 217.946265 
0.003000 0.050000 0.096000 96 66 9704.595496 0.066000 147.039326 0.687500 14430.403802 218.642482 
0.003000 0.050000 0.096000 96 66 9882.625277 0.066000 149.736747 0.687500 14468.716077 219.222971 
0.003000 0.050000 0.096000 96 67 9815.903155 0.067000 146.506017 0.697917 14371.564871 214.500968 
0.003000 0.050000 0.096000 96 66 9351.637478 0.066000 141.691477 0.687500 14645.533914 221.902029 
0.004000 0.050000 0.120000 120 87 12887.507868 0.087000 148.132274 0.725000 16869.756469 193.905247 
0.004000 0.050000 0.120000 120 86 12971.949021 0.086000 150.836617 0.716667 16479.993860 191.627836 
0.004000 0.050000 0.120000 120 89 12278.237779 0.089000 137.957728 0.741667 16571.275019 186.194101 
0.004000 0.050000 0.120000 120 90 12353.159770 0.090000 137.257331 0.750000 16945.044033 188.278267 
0.004000 0.050000 0.120000 120 89 12563.996217 0.089000 141.168497 0.741667 17268.680255 194.030115 
0.004000 0.050000 0.120000 120 88 12071.420141 0.088000 137.175229 0.733333 16710.329196 189.890104 
0.004000 0.050000 0.120000 120 88 12319.135714 0.088000 139.990179 0.733333 16542.136564 187.978825 
0.004000 0.050000 0.120000 120 87 12794.419788 0.087000 147.062296 0.725000 16906.558037 194.328253 
0.004000 0.050000 0.120000 120 90 11281.355543 0.090000 125.348395 0.750000 16630.669295 184.785214 
0.004000 0.050000 0.120000 120 89 13220.439587 0.089000 148.544265 0.741667 17167.427865 192.892448 
0.005000 0.050000 0.144000 144 111 15580.461539 0.111000 140.364518 0.770833 19027.466580 171.418618 
0.005000 0.050000 0.144000 144 111 15584.674467 0.111000 140.402473 0.770833 18950.039753 170.721079 
0.005000 0.050000 0.144000 144 111 15624.894479 0.111000 140.764815 0.770833 19778.340888 178.183251 
0.005000 0.050000 0.144000 144 111 18420.796109 0.111000 165.953118 0.770833 19075.697390 171.853130 
0.005000 0.050000 0.144000 144 110 15924.809433 0.110000 144.770995 0.763889 18901.732381 171.833931 
0.005000 0.050000 0.144000 144 111 17107.178065 0.111000 154.118721 0.770833 19521.869804 175.872701 
0.005000 0.050000 0.144000 144 110 17062.300997 0.110000 155.111827 0.763889 19241.367957 174.921527 
0.005000 0.050000 0.144000 144 111 19345.400315 0.111000 174.282886 0.770833 19872.236409 179.029157 
0.005000 0.050000 0.144000 144 111 17067.644967 0.111000 153.762567 0.770833 19904.610632 179.320817 
0.005000 0.050000 0.144000 144 110 16593.978538 0.110000 150.854350 0.763889 19128.282565 173.893478 
0.006000 0.050000 0.180000 180 131 23205.463552 0.131000 177.140943 0.727778 21384.079789 163.237250 
0.006000 0.050000 0.180000 180 137 24048.522637 0.137000 175.536662 0.761111 22216.143880 162.161634 
0.006000 0.050000 0.180000 180 137 22753.109336 0.137000 166.081090 0.761111 21376.066130 156.029680 
0.006000 0.050000 0.180000 180 136 22620.032173 0.136000 166.323766 0.755556 21826.414614 160.488343 
0.006000 0.050000 0.180000 180 133 21841.992728 0.133000 164.225509 0.738889 21115.341611 158.761967 
0.006000 0.050000 0.180000 180 139 22201.683737 0.139000 159.724343 0.772222 22274.033955 160.244849 
0.006000 0.050000 0.180000 180 133 26428.047602 0.133000 198.707125 0.738889 22084.202970 166.046639 
0.006000 0.050000 0.180000 180 137 22799.296023 0.137000 166.418219 0.761111 22046.852670 160.925932 
0.006000 0.050000 0.180000 180 136 25091.738860 0.136000 184.498080 0.755556 21830.325502 160.517099 
0.006000 0.050000 0.180000 180 135 23766.716573 0.135000 176.049752 0.750000 21472.654877 159.056703 
0.007000 0.050000 0.204000 204 157 33836.066003 0.157000 215.516344 0.769608 24291.231648 154.721221 
0.007000 0.050000 0.204000 204 159 32770.448231 0.159000 206.103448 0.779412 23820.430548 149.814029 
0.007000 0.050000 0.204000 204 158 35457.737402 0.158000 224.416060 0.774510 24457.466597 154.794092 
0.007000 0.050000 0.204000 204 156 38813.608772 0.156000 248.805184 0.764706 24294.944986 155.736827 
0.007000 0.050000 0.204000 204 157 34092.064360 0.157000 217.146907 0.769608 24049.236552 153.179851 
0.007000 0.050000 0.204000 204 156 35934.381833 0.156000 230.348601 0.764706 24222.464812 155.272210 
0.007000 0.050000 0.204000 204 156 36101.235928 0.156000 231.418179 0.764706 24246.489191 155.426213 
0.007000 0.050000 0.204000 204 154 37463.738328 0.154000 243.271028 0.754902 24454.273993 158.793987 
0.007000 0.050000 0.204000 204 156 33946.043029 0.156000 217.602840 0.764706 23912.893713 153.287780 
0.007000 0.050000 0.204000 204 155 38929.055908 0.155000 251.155199 0.759804 24248.163075 156.439762 
0.008000 0.050000 0.240000 240 167 47481.051475 0.167000 284.317674 0.695833 25722.239098 154.025384 
0.008000 0.050000 0.240000 240 173 41043.103947 0.173000 237.243375 0.720833 25393.003752 146.780369 
0.008000 0.050000 0.240000 240 170 46648.851355 0.170000 274.405008 0.708333 26283.554907 154.609147 
0.008000 0.050000 0.240000 240 175 41140.252245 0.175000 235.087156 0.729167 26083.103778 149.046307 
0.008000 0.050000 0.240000 240 177 47588.657154 0.177000 268.862470 0.737500 26252.161556 148.317297 
0.008000 0.050000 0.240000 240 175 43699.919961 0.175000 249.713828 0.729167 25989.085451 148.509060 
0.008000 0.050000 0.240000 240 172 43138.826339 0.172000 250.807130 0.716667 25710.632984 149.480424 
0.008000 0.050000 0.240000 240 176 42992.882708 0.176000 244.277743 0.733333 26031.255061 147.904858 
0.008000 0.050000 0.240000 240 175 45036.663741 0.175000 257.352364 0.729167 26430.447691 151.031130 
0.008000 0.050000 0.240000 240 173 40943.746054 0.173000 236.669052 0.720833 25766.062228 148.936776 
0.009000 0.050000 0.264000 264 186 53590.308990 0.186000 288.119941 0.704545 27355.219025 147.071070 
0.009000 0.050000 0.264000 264 180 61503.503565 0.180000 341.686131 0.681818 27351.441240 151.952451 
0.009000 0.050000 0.264000 264 184 57038.662273 0.184000 309.992730 0.696970 27040.990100 146.961903 
0.009000 0.050000 0.264000 264 188 56934.082704 0.188000 302.840865 0.712121 27697.625563 147.327796 
0.009000 0.050000 0.264000 264 184 62010.211170 0.184000 337.012017 0.696970 27360.496411 148.698350 
0.009000 0.050000 0.264000 264 184 54882.681993 0.184000 298.275446 0.696970 27735.134868 150.734429 
0.009000 0.050000 0.264000 264 179 58321.853409 0.179000 325.820410 0.678030 26931.276454 150.454058 
0.009000 0.050000 0.264000 264 184 59011.468625 0.184000 320.714503 0.696970 27587.161739 149.930227 
0.009000 0.050000 0.264000 264 194 54989.392947 0.194000 283.450479 0.734848 27595.810568 142.246446 
0.009000 0.050000 0.264000 264 186 60985.451226 0.186000 327.878770 0.704545 27239.893441 146.451040 
0.010000 0.050000 0.288000 288 201 65446.852489 0.201000 325.606231 0.697917 28431.831597 141.451898 
0.010000 0.050000 0.288000 288 196 67094.220222 0.196000 342.317450 0.680556 28298.187929 144.378510 
0.010000 0.050000 0.288000 288 194 70888.591580 0.194000 365.405111 0.673611 28948.357751 149.218339 
0.010000 0.050000 0.288000 288 196 75097.161602 0.196000 383.148784 0.680556 28464.325501 145.226151 
0.010000 0.050000 0.288000 288 180 68853.137420 0.180000 382.517430 0.625000 27860.805576 154.782253 
0.010000 0.050000 0.288000 288 179 70656.072053 0.179000 394.726660 0.621528 27302.178103 152.526135 
0.010000 0.050000 0.288000 288 188 70576.641845 0.188000 375.407669 0.652778 28490.890121 151.547288 
0.010000 0.050000 0.288000 288 196 71126.186849 0.196000 362.888708 0.680556 28439.630741 145.100157 
0.010000 0.050000 0.288000 288 196 64275.786962 0.196000 327.937689 0.680556 28099.725868 143.365948 
0.010000 0.050000 0.288000 288 197 66586.845269 0.197000 338.004291 0.684028 28581.189784 145.082182 
0.011000 0.050000 0.324000 324 205 71488.145270 0.205000 348.722660 0.632716 28884.766176 140.901298 
0.011000 0.050000 0.324000 324 203 67676.504490 0.203000 333.381796 0.626543 28642.168182 141.094425 
0.011000 0.050000 0.324000 324 201 79711.835780 0.201000 396.576297 0.620370 29061.435866 144.584258 
0.011000 0.050000 0.324000 324 196 76166.284604 0.196000 388.603493 0.604938 28703.659346 146.447242 
0.011000 0.050000 0.324000 324 198 80224.441488 0.198000 405.173947 0.611111 28927.540180 146.098688 
0.011000 0.050000 0.324000 324 198 76907.281118 0.198000 388.420612 0.611111 29209.636738 147.523418 
0.011000 0.050000 0.324000 324 196 71427.717734 0.196000 364.427131 0.604938 28950.264959 147.705433 
0.011000 0.050000 0.324000 324 197 76248.365824 0.197000 387.047542 0.608025 28859.319127 146.494006 
0.011000 0.050000 0.324000 324 197 77478.784597 0.197000 393.293323 0.608025 28690.978048 145.639482 
0.011000 0.050000 0.324000 324 183 72906.470070 0.183000 398.396011 0.564815 27884.230370 152.372844 
0.012000 0.050000 0.348000 348 206 80694.983736 0.206000 391.723222 0.591954 28901.275211 140.297452 
0.012000 0.050000 0.348000 348 211 95371.213568 0.211000 451.996273 0.606322 29661.286432 140.574817 
0.012000 0.050000 0.348000 348 200 84895.989378 0.200000 424.479947 0.574713 29385.880909 146.929405 
0.012000 0.050000 0.348000 348 209 86038.775292 0.209000 411.668781 0.600575 29909.925501 143.109691 
0.012000 0.050000 0.348000 348 203 86164.006448 0.203000 424.453234 0.583333 29782.330077 146.710986 
0.012000 0.050000 0.348000 348 203 94851.950816 0.203000 467.250989 0.583333 29374.045844 144.699733 
0.012000 0.050000 0.348000 348 210 93516.730167 0.210000 445.317763 0.603448 29719.894206 141.523306 
0.012000 0.050000 0.348000 348 197 87893.639005 0.197000 446.160604 0.566092 28638.052748 145.370826 
0.012000 0.050000 0.348000 348 201 72840.155688 0.201000 362.388834 0.577586 29535.798227 146.944270 
0.012000 0.050000 0.348000 348 198 78363.065270 0.198000 395.773057 0.568966 28607.678368 144.483224 
0.013000 0.050000 0.384000 384 214 101546.478447 0.214000 474.516254 0.557292 29945.668403 139.933030 
0.013000 0.050000 0.384000 384 192 111481.201774 0.192000 580.631259 0.500000 29937.199344 155.922913 
0.013000 0.050000 0.384000 384 205 86196.226214 0.205000 420.469396 0.533854 29894.526428 145.826958 
0.013000 0.050000 0.384000 384 217 96916.106345 0.217000 446.618002 0.565104 30424.873363 140.206790 
0.013000 0.050000 0.384000 384 209 98596.542309 0.209000 471.753791 0.544271 29828.608057 142.720613 
0.013000 0.050000 0.384000 384 208 84487.932889 0.208000 406.191985 0.541667 29877.541236 143.642025 
0.013000 0.050000 0.384000 384 225 94771.502605 0.225000 421.206678 0.585938 30509.868217 135.599414 
0.013000 0.050000 0.384000 384 207 96394.323205 0.207000 465.673059 0.539062 30131.993420 145.565186 
0.013000 0.050000 0.384000 384 212 96818.041467 0.212000 456.688875 0.552083 30119.165782 142.071537 
0.013000 0.050000 0.384000 384 207 92191.295672 0.207000 445.368578 0.539062 29563.748893 142.820043 
0.014000 0.050000 0.408000 408 205 101735.148328 0.205000 496.269016 0.502451 30091.548075 146.788039 
0.014000 0.050000 0.408000 408 226 103265.921540 0.226000 456.928856 0.553922 30958.398328 136.984063 
0.014000 0.050000 0.408000 408 206 106857.713545 0.206000 518.726765 0.504902 29780.009018 144.563151 
0.014000 0.050000 0.408000 408 199 106329.533956 0.199000 534.319266 0.487745 29339.059884 147.432462 
0.014000 0.050000 0.408000 408 219 105930.058177 0.219000 483.698896 0.536765 30420.386162 138.905873 
0.014000 0.050000 0.408000 408 223 91469.286418 0.223000 410.176172 0.546569 30415.992923 136.394587 
0.014000 0.050000 0.408000 408 219 107584.925102 0.219000 491.255366 0.536765 30563.895888 139.561168 
0.014000 0.050000 0.408000 408 218 102907.533929 0.218000 472.052908 0.534314 31737.240649 145.583673 
0.014000 0.050000 0.408000 408 213 106570.265532 0.213000 500.329885 0.522059 30193.303243 141.752597 
0.014000 0.050000 0.408000 408 203 86437.106130 0.203000 425.798552 0.497549 29831.536740 146.953383 
0.015000 0.050000 0.432000 432 223 103756.612538 0.223000 465.276289 0.516204 30727.758885 137.792641 
0.015000 0.050000 0.432000 432 212 115804.173025 0.212000 546.246099 0.490741 30222.304091 142.558038 
0.015000 0.050000 0.432000 432 224 119919.703630 0.224000 535.355820 0.518519 31244.505643 139.484400 
0.015000 0.050000 0.432000 432 219 103349.186755 0.219000 471.914095 0.506944 31460.526906 143.655374 
0.015000 0.050000 0.432000 432 232 100294.010597 0.232000 432.301770 0.537037 31968.186145 137.793906 
0.015000 0.050000 0.432000 432 205 103025.787263 0.205000 502.564816 0.474537 29809.844225 145.413874 
0.015000 0.050000 0.432000 432 218 121838.410545 0.218000 558.891791 0.504630 31093.322403 142.629919 
0.015000 0.050000 0.432000 432 211 115661.652729 0.211000 548.159492 0.488426 30447.326518 144.300126 
0.015000 0.050000 0.432000 432 210 109706.429350 0.210000 522.411568 0.486111 29679.609779 141.331475 
0.015000 0.050000 0.432000 432 217 108222.153579 0.217000 498.719602 0.502315 31143.782739 143.519736 
0.016000 0.050000 0.468000 468 225 115063.120736 0.225000 511.391648 0.480769 31574.275979 140.330115 
0.016000 0.050000 0.468000 468 219 115014.799938 0.219000 525.181735 0.467949 30812.427443 140.696016 
0.016000 0.050000 0.468000 468 234 116689.393401 0.234000 498.672621 0.500000 31856.126957 136.137295 
0.016000 0.050000 0.468000 468 235 101447.219759 0.235000 431.690297 0.502137 31391.298648 133.579994 
0.016000 0.050000 0.468000 468 222 110582.450441 0.222000 498.119146 0.474359 30779.235649 138.645206 
0.016000 0.050000 0.468000 468 218 105210.558737 0.218000 482.617242 0.465812 31732.600673 145.562388 
0.016000 0.050000 0.468000 468 232 105168.281599 0.232000 453.311559 0.495726 31799.808915 137.068142 
0.016000 0.050000 0.468000 468 227 115419.363410 0.227000 508.455345 0.485043 31630.709742 139.342334 
0.016000 0.050000 0.468000 468 219 111216.560831 0.219000 507.838177 0.467949 31125.552230 142.125809 
0.016000 0.050000 0.468000 468 228 114975.089101 0.228000 504.276707 0.487179 31371.123513 137.592647 
0.017000 0.050000 0.492000 492 225 130709.536898 0.225000 580.931275 0.457317 30970.108430 137.644926 
0.017000 0.050000 0.492000 492 231 127439.217889 0.231000 551.684926 0.469512 32285.406945 139.763666 
0.017000 0.050000 0.492000 492 237 120064.335666 0.237000 506.600572 0.481707 32497.142944 137.118747 
0.017000 0.050000 0.492000 492 228 124216.872858 0.228000 544.810846 0.463415 31804.098983 139.491662 
0.017000 0.050000 0.492000 492 213 128102.781286 0.213000 601.421508 0.432927 30661.227327 143.949424 
0.017000 0.050000 0.492000 492 233 119755.208624 0.233000 513.970852 0.473577 32057.392273 137.585375 
0.017000 0.050000 0.492000 492 224 121025.150848 0.224000 540.290852 0.455285 31408.094952 140.214710 
0.017000 0.050000 0.492000 492 223 124270.886634 0.223000 557.268550 0.453252 30913.682560 138.626379 
0.017000 0.050000 0.492000 492 226 118527.493768 0.226000 524.457937 0.459350 32663.285852 144.527814 
0.017000 0.050000 0.492000 492 217 130292.781548 0.217000 600.427565 0.441057 30956.287113 142.655701 
0.018000 0.050000 0.528000 528 226 130488.339013 0.226000 577.382031 0.428030 31568.041541 139.681600 
0.018000 0.050000 0.528000 528 223 132175.788502 0.223000 592.716540 0.422348 31610.738221 141.752189 
0.018000 0.050000 0.528000 528 226 119222.301726 0.226000 527.532309 0.428030 31313.028031 138.553221 
0.018000 0.050000 0.528000 528 224 138350.282152 0.224000 617.635188 0.424242 31502.718055 140.637134 
0.018000 0.050000 0.528000 528 225 135679.759134 0.225000 603.021152 0.426136 31646.032716 140.649034 
0.018000 0.050000 0.528000 528 236 123546.286582 0.236000 523.501214 0.446970 32315.004007 136.927983 
0.018000 0.050000 0.528000 528 220 129714.809213 0.220000 589.612769 0.416667 31258.821208 142.085551 
0.018000 0.050000 0.528000 528 235 139359.659474 0.235000 593.019828 0.445076 32361.399632 137.708084 
0.018000 0.050000 0.528000 528 229 134944.838603 0.229000 589.278771 0.433712 31000.990643 135.375505 
0.018000 0.050000 0.528000 528 230 134448.837668 0.230000 584.560164 0.435606 31870.908640 138.569168 
0.019000 0.050000 0.552000 552 245 139237.644099 0.245000 568.316915 0.443841 32897.749713 134.276529 
0.019000 0.050000 0.552000 552 217 136058.026691 0.217000 626.995515 0.393116 30691.431876 141.435170 
0.019000 0.050000 0.552000 552 221 140049.194147 0.221000 633.706761 0.400362 31117.077103 140.801254 
0.019000 0.050000 0.552000 552 239 133663.488623 0.239000 559.261459 0.432971 32280.499291 135.064851 
0.019000 0.050000 0.552000 552 239 129973.593698 0.239000 543.822568 0.432971 32620.732253 136.488419 
0.019000 0.050000 0.552000 552 236 138636.647134 0.236000 587.443420 0.427536 32294.306777 136.840283 
0.019000 0.050000 0.552000 552 244 139922.361894 0.244000 573.452303 0.442029 32646.780538 133.798281 
0.019000 0.050000 0.552000 552 241 124654.642040 0.241000 517.239179 0.436594 32817.089692 136.170497 
0.019000 0.050000 0.552000 552 237 139321.383673 0.237000 587.853940 0.429348 32163.193092 135.709675 
0.019000 0.050000 0.552000 552 230 140961.092668 0.230000 612.874316 0.416667 31481.905142 136.877848 
0.020000 0.050000 0.576000 576 240 133859.361921 0.240000 557.747341 0.416667 32628.071311 135.950297 
0.020000 0.050000 0.576000 576 241 134264.134523 0.241000 557.112591 0.418403 33028.445891 137.047493 
0.020000 0.050000 0.576000 576 229 140301.926926 0.229000 612.672170 0.397569 31726.059432 138.541744 
0.020000 0.050000 0.576000 576 222 145315.048439 0.222000 654.572290 0.385417 31543.785659 142.089125 
0.020000 0.050000 0.576000 576 252 140296.482970 0.252000 556.732075 0.437500 32953.890992 130.769409 
0.020000 0.050000 0.576000 576 233 128981.686833 0.233000 553.569471 0.404514 32218.463580 138.276668 
0.020000 0.050000 0.576000 576 229 133049.904061 0.229000 581.003948 0.397569 32416.456794 141.556580 
0.020000 0.050000 0.576000 576 213 141033.200068 0.213000 662.127700 0.369792 31687.908843 148.769525 
0.020000 0.050000 0.576000 576 240 158370.551845 0.240000 659.877299 0.416667 32258.144875 134.408937 
0.020000 0.050000 0.576000 576 216 137334.500670 0.216000 635.807873 0.375000 30724.376043 142.242482 
0.021000 0.050000 0.612000 612 232 154801.877606 0.232000 667.249472 0.379085 31930.480687 137.631382 
0.021000 0.050000 0.612000 612 222 155845.485671 0.222000 702.006692 0.362745 31197.363175 140.528663 
0.021000 0.050000 0.612000 612 237 141780.844278 0.237000 598.231410 0.387255 32042.118232 135.198811 
0.021000 0.050000 0.612000 612 215 159279.847265 0.215000 740.836499 0.351307 30996.157167 144.168173 
0.021000 0.050000 0.612000 612 229 144756.112581 0.229000 632.122762 0.374183 31785.931541 138.803195 
0.021000 0.050000 0.612000 612 229 149199.378654 0.229000 651.525671 0.374183 32459.163617 141.743073 
0.021000 0.050000 0.612000 612 212 144509.974480 0.212000 681.650823 0.346405 30448.626838 143.625598 
0.021000 0.050000 0.612000 612 237 155741.528938 0.237000 657.137253 0.387255 32769.710481 138.268821 
0.021000 0.050000 0.612000 612 238 152163.521856 0.238000 639.342529 0.388889 32288.474344 135.665859 
0.021000 0.050000 0.612000 612 236 146040.983768 0.236000 618.817728 0.385621 32096.174853 136.000741 
0.022000 0.050000 0.636000 636 233 145320.373867 0.233000 623.692592 0.366352 32174.254272 138.086928 
0.022000 0.050000 0.636000 636 232 146519.885046 0.232000 631.551229 0.364780 32181.465221 138.713212 
0.022000 0.050000 0.636000 636 231 144540.544389 0.231000 625.716642 0.363208 32652.124063 141.351186 
0.022000 0.050000 0.636000 636 232 153525.901486 0.232000 661.749575 0.364780 31985.481350 137.868454 
0.022000 0.050000 0.636000 636 246 145064.918842 0.246000 589.694792 0.386792 32957.602408 133.973994 
0.022000 0.050000 0.636000 636 225 141779.155982 0.225000 630.129582 0.353774 31930.310384 141.912491 
0.022000 0.050000 0.636000 636 242 150885.354939 0.242000 623.493202 0.380503 32984.948046 136.301438 
0.022000 0.050000 0.636000 636 235 160678.199838 0.235000 683.737021 0.369497 32549.339765 138.507829 
0.022000 0.050000 0.636000 636 244 140628.041503 0.244000 576.344432 0.383648 32945.909094 135.024218 
0.022000 0.050000 0.636000 636 238 142089.172554 0.238000 597.013330 0.374214 32805.750713 137.839289 
0.023000 0.050000 0.672000 672 223 163396.530794 0.223000 732.719869 0.331845 31637.010872 141.870004 
0.023000 0.050000 0.672000 672 221 153530.061662 0.221000 694.706161 0.328869 31044.513327 140.472911 
0.023000 0.050000 0.672000 672 234 138688.473786 0.234000 592.685785 0.348214 32061.337993 137.014265 
0.023000 0.050000 0.672000 672 227 174972.357044 0.227000 770.803335 0.337798 31887.501040 140.473573 
0.023000 0.050000 0.672000 672 252 148829.634352 0.252000 590.593787 0.375000 33182.219278 131.675473 
0.023000 0.050000 0.672000 672 249 161714.848782 0.249000 649.457224 0.370536 33714.392700 135.399167 
0.023000 0.050000 0.672000 672 248 158294.335313 0.248000 638.283610 0.369048 32808.295250 132.291513 
0.023000 0.050000 0.672000 672 236 147791.361798 0.236000 626.234584 0.351190 32968.881522 139.698651 
0.023000 0.050000 0.672000 672 245 152930.835674 0.245000 624.207493 0.364583 32781.711503 133.802904 
0.023000 0.050000 0.672000 672 240 142095.912589 0.240000 592.066302 0.357143 32671.158780 136.129828 
0.024000 0.050000 0.696000 696 223 171692.071703 0.223000 769.919604 0.320402 31664.128271 141.991607 
0.024000 0.050000 0.696000 696 234 172505.632357 0.234000 737.203557 0.336207 32116.032427 137.248002 
0.024000 0.050000 0.696000 696 250 155891.544907 0.250000 623.566180 0.359195 33029.354428 132.117418 
0.024000 0.050000 0.696000 696 242 160730.892303 0.242000 664.177241 0.347701 33178.822295 137.102571 
0.024000 0.050000 0.696000 696 255 163824.920897 0.255000 642.450670 0.366379 34337.308523 134.656112 
0.024000 0.050000 0.696000 696 241 155997.771494 0.241000 647.293658 0.346264 33340.179193 138.340993 
0.024000 0.050000 0.696000 696 219 163288.727103 0.219000 745.610626 0.314655 31457.589948 143.641963 
0.024000 0.050000 0.696000 696 233 168226.645839 0.233000 722.002772 0.334770 32144.888687 137.960896 
0.024000 0.050000 0.696000 696 237 165079.516788 0.237000 696.538046 0.340517 32185.183638 135.802463 
0.024000 0.050000 0.696000 696 244 141940.256008 0.244000 581.722361 0.350575 32538.711087 133.355373 
0.025000 0.050000 0.720000 720 245 167327.524467 0.245000 682.969488 0.340278 33264.072374 135.771724 
0.025000 0.050000 0.720000 720 236 175033.351977 0.236000 741.666746 0.327778 32238.372311 136.603273 
0.025000 0.050000 0.720000 720 219 163093.850447 0.219000 744.720778 0.304167 31488.494502 143.783080 
0.025000 0.050000 0.720000 720 232 161000.634364 0.232000 693.968252 0.322222 32841.381513 141.557679 
0.025000 0.050000 0.720000 720 249 164206.237740 0.249000 659.462802 0.345833 33332.978210 133.867382 
0.025000 0.050000 0.720000 720 229 170691.749339 0.229000 745.378818 0.318056 31620.256216 138.079721 
0.025000 0.050000 0.720000 720 231 158418.143216 0.231000 685.792828 0.320833 32384.780677 140.193856 
0.025000 0.050000 0.720000 720 237 185288.152630 0.237000 781.806551 0.329167 32560.466592 137.385935 
0.025000 0.050000 0.720000 720 242 177648.426981 0.242000 734.084409 0.336111 32685.739879 135.065041 
0.025000 0.050000 0.720000 720 237 158152.624276 0.237000 667.310651 0.329167 32787.800670 138.345151 
0.026000 0.050000 0.756000 756 244 155149.241056 0.244000 635.857545 0.322751 33471.200517 137.177051 
0.026000 0.050000 0.756000 756 243 170761.789918 0.243000 702.723415 0.321429 32991.877996 135.769045 
0.026000 0.050000 0.756000 756 236 173816.299565 0.236000 736.509744 0.312169 32343.468771 137.048596 
0.026000 0.050000 0.756000 756 240 167661.223239 0.240000 698.588430 0.317460 32882.115115 137.008813 
0.026000 0.050000 0.756000 756 245 166476.205763 0.245000 679.494717 0.324074 33096.104128 135.086139 
0.026000 0.050000 0.756000 756 227 163836.583124 0.227000 721.747062 0.300265 32249.524949 142.068392 
0.026000 0.050000 0.756000 756 226 183297.880945 0.226000 811.052571 0.298942 31757.877247 140.521581 
0.026000 0.050000 0.756000 756 231 162310.261620 0.231000 702.641825 0.305556 32028.599151 138.651944 
0.026000 0.050000 0.756000 756 240 171132.947373 0.240000 713.053947 0.317460 32942.869728 137.261957 
0.026000 0.050000 0.756000 756 227 169865.573706 0.227000 748.306492 0.300265 31741.935869 139.832317 
0.027000 0.050000 0.780000 780 237 182931.945552 0.237000 771.864749 0.303846 33717.018100 142.265899 
0.027000 0.050000 0.780000 780 241 164651.667932 0.241000 683.201942 0.308974 32685.898721 135.626136 
0.027000 0.050000 0.780000 780 223 180275.245239 0.223000 808.409171 0.285897 32371.320843 145.162874 
0.027000 0.050000 0.780000 780 252 181201.348541 0.252000 719.052970 0.323077 34369.436872 136.386654 
0.027000 0.050000 0.780000 780 229 181358.122007 0.229000 791.956865 0.293590 31887.514550 139.246788 
0.027000 0.050000 0.780000 780 228 169321.144547 0.228000 742.636599 0.292308 31854.711442 139.713647 
0.027000 0.050000 0.780000 780 230 174449.004942 0.230000 758.473935 0.294872 32617.933563 141.817102 
0.027000 0.050000 0.780000 780 247 187820.170820 0.247000 760.405550 0.316667 33184.764880 134.351275 
0.027000 0.050000 0.780000 780 243 161916.211675 0.243000 666.321859 0.311538 32875.073669 135.288369 
0.027000 0.050000 0.780000 780 230 173828.193480 0.230000 755.774754 0.294872 32433.704976 141.016109 
0.028000 0.050000 0.816000 816 226 171568.885164 0.226000 759.154359 0.276961 31933.377813 141.298132 
0.028000 0.050000 0.816000 816 245 188047.291061 0.245000 767.539964 0.300245 33241.508828 135.679628 
0.028000 0.050000 0.816000 816 227 177108.716523 0.227000 780.214610 0.278186 32607.699218 143.646252 
0.028000 0.050000 0.816000 816 242 172672.864739 0.242000 713.524234 0.296569 33053.683074 136.585467 
0.028000 0.050000 0.816000 816 222 180340.030508 0.222000 812.342480 0.272059 31942.932817 143.887085 
0.028000 0.050000 0.816000 816 216 172885.893121 0.216000 800.397653 0.264706 31145.362617 144.191494 
0.028000 0.050000 0.816000 816 245 183955.744354 0.245000 750.839773 0.300245 33013.821610 134.750292 
0.028000 0.050000 0.816000 816 240 170533.027724 0.240000 710.554282 0.294118 32416.309224 135.067955 
0.028000 0.050000 0.816000 816 226 182424.186422 0.226000 807.186666 0.276961 31745.744643 140.467897 
0.028000 0.050000 0.816000 816 240 172127.732356 0.240000 717.198885 0.294118 32379.130381 134.913043 
0.029000 0.050000 0.840000 840 240 193816.536808 0.240000 807.568903 0.285714 33036.284432 137.651185 
0.029000 0.050000 0.840000 840 226 176456.364030 0.226000 780.780372 0.269048 32450.455521 143.586086 
0.029000 0.050000 0.840000 840 255 196540.505264 0.255000 770.747079 0.303571 33908.824204 132.975781 
0.029000 0.050000 0.840000 840 230 188964.371064 0.230000 821.584222 0.273810 32901.739920 143.051043 
0.029000 0.050000 0.840000 840 223 179170.252506 0.223000 803.454047 0.265476 31988.584693 143.446568 
0.029000 0.050000 0.840000 840 242 182245.529231 0.242000 753.080699 0.288095 32653.446880 134.931599 
0.029000 0.050000 0.840000 840 235 189731.222247 0.235000 807.366903 0.279762 32694.109745 139.123871 
0.029000 0.050000 0.840000 840 227 193067.873360 0.227000 850.519266 0.270238 32171.736797 141.725713 
0.029000 0.050000 0.840000 840 246 190515.236784 0.246000 774.452182 0.292857 33177.275138 134.866972 
0.029000 0.050000 0.840000 840 232 184476.034579 0.232000 795.155321 0.276190 32272.140939 139.104056 
0.030000 0.050000 0.864000 864 239 179052.968900 0.239000 749.175602 0.276620 32740.894158 136.991189 
0.030000 0.050000 0.864000 864 235 179179.450816 0.235000 762.465748 0.271991 32102.244604 136.605296 
0.030000 0.050000 0.864000 864 235 181325.950168 0.235000 771.599788 0.271991 32654.258880 138.954293 
0.030000 0.050000 0.864000 864 242 202001.438595 0.242000 834.716688 0.280093 33389.783234 137.974311 
0.030000 0.050000 0.864000 864 256 201702.858901 0.256000 787.901793 0.296296 33346.348439 130.259174 
0.030000 0.050000 0.864000 864 230 180166.574042 0.230000 783.332931 0.266204 32506.590510 141.333002 
0.030000 0.050000 0.864000 864 252 174382.405265 0.252000 691.993672 0.291667 34204.550194 135.732342 
0.030000 0.050000 0.864000 864 238 197511.135696 0.238000 829.878721 0.275463 32836.781756 137.969671 
0.030000 0.050000 0.864000 864 254 186804.168085 0.254000 735.449481 0.293981 33952.103079 133.669697 
0.030000 0.050000 0.864000 864 226 185612.174247 0.226000 821.292806 0.261574 31771.801856 140.583194 
