0.001000 0.050000 0.028000 28 23 864.554951 0.023000 37.589346 0.821429 16159.885256 702.603707 
0.001000 0.050000 0.028000 28 22 665.733046 0.022000 30.260593 0.785714 15979.954866 726.361585 
0.001000 0.050000 0.028000 28 22 894.590186 0.022000 40.663190 0.785714 15552.236597 706.919845 
0.001000 0.050000 0.028000 28 24 944.626943 0.024000 39.359456 0.857143 16222.747779 675.947824 
0.001000 0.050000 0.028000 28 21 435.881802 0.021000 20.756276 0.750000 15925.772817 758.370134 
0.001000 0.050000 0.028000 28 22 1237.432264 0.022000 56.246921 0.785714 15632.798141 710.581734 
0.001000 0.050000 0.028000 28 21 423.028649 0.021000 20.144221 0.750000 16309.878738 776.660892 
0.001000 0.050000 0.028000 28 24 1156.504778 0.024000 48.187699 0.857143 16432.473274 684.686386 
0.001000 0.050000 0.028000 28 23 1081.692545 0.023000 47.030111 0.821429 16125.899788 701.126078 
0.001000 0.050000 0.028000 28 23 897.842137 0.023000 39.036615 0.821429 16093.106354 699.700276 
0.002000 0.050000 0.050000 50 43 1060.309539 0.043000 24.658361 0.860000 17451.842807 405.856809 
0.002000 0.050000 0.050000 50 42 1541.570236 0.042000 36.704053 0.840000 17617.732005 419.469810 
0.002000 0.050000 0.050000 50 43 1331.000425 0.043000 30.953498 0.860000 17741.812585 412.600293 
0.002000 0.050000 0.050000 50 43 881.839753 0.043000 20.507901 0.860000 16971.141849 394.677717 
0.002000 0.050000 0.050000 50 42 1247.458309 0.042000 29.701388 0.840000 17254.254664 410.815587 
0.002000 0.050000 0.050000 50 42 566.984243 0.042000 13.499625 0.840000 17301.992588 411.952204 
0.002000 0.050000 0.050000 50 41 1091.196377 0.041000 26.614546 0.820000 17216.914109 419.924734 
0.002000 0.050000 0.050000 50 43 1313.868758 0.043000 30.555087 0.860000 17079.023561 397.186594 
0.002000 0.050000 0.050000 50 42 1277.165706 0.042000 30.408707 0.840000 17074.346662 406.532063 
0.002000 0.050000 0.050000 50 41 679.716122 0.041000 16.578442 0.820000 17065.944476 416.242548 
0.003000 0.050000 0.068000 68 61 1621.203346 0.061000 26.577104 0.897059 18277.186479 299.626008 
0.003000 0.050000 0.068000 68 62 1510.875445 0.062000 24.368959 0.911765 18763.975308 302.644763 
0.003000 0.050000 0.068000 68 63 1591.599208 0.063000 25.263479 0.926471 18518.477051 293.944080 
0.003000 0.050000 0.068000 68 60 1497.726863 0.060000 24.962114 0.882353 18006.458134 300.107636 
0.003000 0.050000 0.068000 68 60 1543.133375 0.060000 25.718890 0.882353 19056.881756 317.614696 
0.003000 0.050000 0.068000 68 62 1317.817303 0.062000 21.255118 0.911765 18691.790929 301.480499 
0.003000 0.050000 0.068000 68 60 1299.231964 0.060000 21.653866 0.882353 18454.855382 307.580923 
0.003000 0.050000 0.068000 68 63 1569.042489 0.063000 24.905436 0.926471 18281.147627 290.176946 
0.003000 0.050000 0.068000 68 62 2334.675619 0.062000 37.656058 0.911765 18644.288204 300.714326 
0.003000 0.050000 0.068000 68 63 1469.595869 0.063000 23.326919 0.926471 18522.367682 294.005836 
0.004000 0.050000 0.096000 96 82 1794.154558 0.082000 21.879934 0.854167 20564.984709 250.792496 
0.004000 0.050000 0.095000 95 80 1566.587156 0.080000 19.582339 0.842105 20351.891828 254.398648 
0.004000 0.050000 0.096000 96 85 1849.563700 0.085000 21.759573 0.885417 19977.870196 235.033767 
0.004000 0.050000 0.095000 95 81 1375.101198 0.081000 16.976558 0.852632 20081.615714 247.921182 
0.004000 0.050000 0.096000 96 84 1690.490751 0.084000 20.124890 0.875000 20155.062790 239.941224 
0.004000 0.050000 0.094000 94 80 1693.239838 0.080000 21.165498 0.851064 19939.724943 249.246562 
0.004000 0.050000 0.095000 95 83 1545.299343 0.083000 18.618064 0.873684 20065.199217 241.749388 
0.004000 0.050000 0.094000 94 85 1689.754572 0.085000 19.879466 0.904255 20379.665582 239.760772 
0.004000 0.050000 0.095000 95 84 1597.076620 0.084000 19.012817 0.884211 20473.457992 243.731643 
0.004000 0.050000 0.095000 95 83 1807.471668 0.083000 21.776767 0.873684 19969.622263 240.597859 
0.005000 0.050000 0.112000 112 105 2191.611685 0.105000 20.872492 0.937500 21778.120196 207.410669 
0.005000 0.050000 0.112000 112 109 3172.291981 0.109000 29.103596 0.973214 22293.094313 204.523801 
0.005000 0.050000 0.114000 114 102 2086.675957 0.102000 20.457607 0.894737 21919.967805 214.901645 
0.005000 0.050000 0.114000 114 109 2500.772598 0.109000 22.942868 0.956140 22065.368980 202.434578 
0.005000 0.050000 0.114000 114 108 2644.827367 0.108000 24.489142 0.947368 22394.511973 207.356592 
0.005000 0.050000 0.114000 114 103 2086.185403 0.103000 20.254227 0.903509 21956.824731 213.173056 
