12.000000 0.050000 144.000000 144 0 0.000000 0.000000 -nan 0.000000 6762.000000 inf 
12.000000 0.050000 144.000000 144 0 0.000000 0.000000 -nan 0.000000 6762.000000 inf 
12.000000 0.050000 144.000000 144 0 0.000000 0.000000 -nan 0.000000 6762.000000 inf 
12.000000 0.050000 144.000000 144 0 0.000000 0.000000 -nan 0.000000 6762.000000 inf 
12.000000 0.050000 144.000000 144 0 0.000000 0.000000 -nan 0.000000 6762.000000 inf 
12.000000 0.050000 144.000000 144 0 0.000000 0.000000 -nan 0.000000 6762.000000 inf 
12.000000 0.050000 144.000000 144 0 0.000000 0.000000 -nan 0.000000 6762.000000 inf 
12.000000 0.050000 144.000000 144 0 0.000000 0.000000 -nan 0.000000 6762.000000 inf 
12.000000 0.050000 144.000000 144 0 0.000000 0.000000 -nan 0.000000 6762.000000 inf 
12.000000 0.050000 144.000000 144 0 0.000000 0.000000 -nan 0.000000 6762.000000 inf 
24.000000 0.050000 288.000000 288 0 0.000000 0.000000 -nan 0.000000 6762.000000 inf 
24.000000 0.050000 288.000000 288 0 0.000000 0.000000 -nan 0.000000 6762.000000 inf 
24.000000 0.050000 288.000000 288 0 0.000000 0.000000 -nan 0.000000 6762.000000 inf 
24.000000 0.050000 288.000000 288 0 0.000000 0.000000 -nan 0.000000 6762.000000 inf 
24.000000 0.050000 288.000000 288 0 0.000000 0.000000 -nan 0.000000 6762.000000 inf 
24.000000 0.050000 288.000000 288 0 0.000000 0.000000 -nan 0.000000 6762.000000 inf 
24.000000 0.050000 288.000000 288 0 0.000000 0.000000 -nan 0.000000 6762.000000 inf 
24.000000 0.050000 288.000000 288 0 0.000000 0.000000 -nan 0.000000 6762.000000 inf 
24.000000 0.050000 288.000000 288 0 0.000000 0.000000 -nan 0.000000 6762.000000 inf 
24.000000 0.050000 288.000000 288 0 0.000000 0.000000 -nan 0.000000 6762.000000 inf 
36.000000 0.050000 432.000000 432 0 0.000000 0.000000 -nan 0.000000 6762.000000 inf 
36.000000 0.050000 432.000000 432 0 0.000000 0.000000 -nan 0.000000 6762.000000 inf 
36.000000 0.050000 432.000000 432 0 0.000000 0.000000 -nan 0.000000 6762.000000 inf 
36.000000 0.050000 432.000000 432 0 0.000000 0.000000 -nan 0.000000 6762.000000 inf 
36.000000 0.050000 432.000000 432 0 0.000000 0.000000 -nan 0.000000 6762.000000 inf 
36.000000 0.050000 432.000000 432 0 0.000000 0.000000 -nan 0.000000 6762.000000 inf 
36.000000 0.050000 432.000000 432 0 0.000000 0.000000 -nan 0.000000 6762.000000 inf 
36.000000 0.050000 432.000000 432 0 0.000000 0.000000 -nan 0.000000 6762.000000 inf 
36.000000 0.050000 432.000000 432 0 0.000000 0.000000 -nan 0.000000 6762.000000 inf 
36.000000 0.050000 432.000000 432 0 0.000000 0.000000 -nan 0.000000 6762.000000 inf 
48.000000 0.050000 576.000000 576 0 0.000000 0.000000 -nan 0.000000 6762.000000 inf 
48.000000 0.050000 576.000000 576 0 0.000000 0.000000 -nan 0.000000 6762.000000 inf 
48.000000 0.050000 576.000000 576 0 0.000000 0.000000 -nan 0.000000 6762.000000 inf 
48.000000 0.050000 576.000000 576 0 0.000000 0.000000 -nan 0.000000 6762.000000 inf 
48.000000 0.050000 576.000000 576 0 0.000000 0.000000 -nan 0.000000 6762.000000 inf 
48.000000 0.050000 576.000000 576 0 0.000000 0.000000 -nan 0.000000 6762.000000 inf 
48.000000 0.050000 576.000000 576 0 0.000000 0.000000 -nan 0.000000 6762.000000 inf 
48.000000 0.050000 576.000000 576 0 0.000000 0.000000 -nan 0.000000 6762.000000 inf 
48.000000 0.050000 576.000000 576 0 0.000000 0.000000 -nan 0.000000 6762.000000 inf 
48.000000 0.050000 576.000000 576 0 0.000000 0.000000 -nan 0.000000 6762.000000 inf 
60.000000 0.050000 720.000000 720 0 0.000000 0.000000 -nan 0.000000 6762.000000 inf 
60.000000 0.050000 720.000000 720 0 0.000000 0.000000 -nan 0.000000 6762.000000 inf 
60.000000 0.050000 720.000000 720 0 0.000000 0.000000 -nan 0.000000 6762.000000 inf 
60.000000 0.050000 720.000000 720 0 0.000000 0.000000 -nan 0.000000 6762.000000 inf 
60.000000 0.050000 720.000000 720 0 0.000000 0.000000 -nan 0.000000 6762.000000 inf 
60.000000 0.050000 720.000000 720 0 0.000000 0.000000 -nan 0.000000 6762.000000 inf 
60.000000 0.050000 720.000000 720 0 0.000000 0.000000 -nan 0.000000 6762.000000 inf 
60.000000 0.050000 720.000000 720 0 0.000000 0.000000 -nan 0.000000 6762.000000 inf 
60.000000 0.050000 720.000000 720 0 0.000000 0.000000 -nan 0.000000 6762.000000 inf 
60.000000 0.050000 720.000000 720 0 0.000000 0.000000 -nan 0.000000 6762.000000 inf 
72.000000 0.050000 864.000000 864 0 0.000000 0.000000 -nan 0.000000 6762.000000 inf 
72.000000 0.050000 864.000000 864 0 0.000000 0.000000 -nan 0.000000 6762.000000 inf 
72.000000 0.050000 864.000000 864 0 0.000000 0.000000 -nan 0.000000 6762.000000 inf 
72.000000 0.050000 864.000000 864 0 0.000000 0.000000 -nan 0.000000 6762.000000 inf 
72.000000 0.050000 864.000000 864 0 0.000000 0.000000 -nan 0.000000 6762.000000 inf 
72.000000 0.050000 864.000000 864 0 0.000000 0.000000 -nan 0.000000 6762.000000 inf 
72.000000 0.050000 864.000000 864 0 0.000000 0.000000 -nan 0.000000 6762.000000 inf 
72.000000 0.050000 864.000000 864 0 0.000000 0.000000 -nan 0.000000 6762.000000 inf 
72.000000 0.050000 864.000000 864 0 0.000000 0.000000 -nan 0.000000 6762.000000 inf 
72.000000 0.050000 864.000000 864 0 0.000000 0.000000 -nan 0.000000 6762.000000 inf 
84.000000 0.050000 1008.000000 1008 0 0.000000 0.000000 -nan 0.000000 6762.000000 inf 
84.000000 0.050000 1008.000000 1008 0 0.000000 0.000000 -nan 0.000000 6762.000000 inf 
84.000000 0.050000 1008.000000 1008 0 0.000000 0.000000 -nan 0.000000 6762.000000 inf 
84.000000 0.050000 1008.000000 1008 0 0.000000 0.000000 -nan 0.000000 6762.000000 inf 
84.000000 0.050000 1008.000000 1008 0 0.000000 0.000000 -nan 0.000000 6762.000000 inf 
84.000000 0.050000 1008.000000 1008 0 0.000000 0.000000 -nan 0.000000 6762.000000 inf 
84.000000 0.050000 1008.000000 1008 0 0.000000 0.000000 -nan 0.000000 6762.000000 inf 
84.000000 0.050000 1008.000000 1008 0 0.000000 0.000000 -nan 0.000000 6762.000000 inf 
84.000000 0.050000 1008.000000 1008 0 0.000000 0.000000 -nan 0.000000 6762.000000 inf 
84.000000 0.050000 1008.000000 1008 0 0.000000 0.000000 -nan 0.000000 6762.000000 inf 
96.000000 0.050000 1152.000000 1152 0 0.000000 0.000000 -nan 0.000000 6762.000000 inf 
96.000000 0.050000 1152.000000 1152 0 0.000000 0.000000 -nan 0.000000 6762.000000 inf 
96.000000 0.050000 1152.000000 1152 0 0.000000 0.000000 -nan 0.000000 6762.000000 inf 
96.000000 0.050000 1152.000000 1152 0 0.000000 0.000000 -nan 0.000000 6762.000000 inf 
96.000000 0.050000 1152.000000 1152 0 0.000000 0.000000 -nan 0.000000 6762.000000 inf 
96.000000 0.050000 1152.000000 1152 0 0.000000 0.000000 -nan 0.000000 6762.000000 inf 
96.000000 0.050000 1152.000000 1152 0 0.000000 0.000000 -nan 0.000000 6762.000000 inf 
96.000000 0.050000 1152.000000 1152 0 0.000000 0.000000 -nan 0.000000 6762.000000 inf 
96.000000 0.050000 1152.000000 1152 0 0.000000 0.000000 -nan 0.000000 6762.000000 inf 
96.000000 0.050000 1152.000000 1152 0 0.000000 0.000000 -nan 0.000000 6762.000000 inf 
108.000000 0.050000 1296.000000 1296 0 0.000000 0.000000 -nan 0.000000 6762.000000 inf 
108.000000 0.050000 1296.000000 1296 0 0.000000 0.000000 -nan 0.000000 6762.000000 inf 
108.000000 0.050000 1296.000000 1296 0 0.000000 0.000000 -nan 0.000000 6762.000000 inf 
108.000000 0.050000 1296.000000 1296 0 0.000000 0.000000 -nan 0.000000 6762.000000 inf 
108.000000 0.050000 1296.000000 1296 0 0.000000 0.000000 -nan 0.000000 6762.000000 inf 
108.000000 0.050000 1296.000000 1296 0 0.000000 0.000000 -nan 0.000000 6762.000000 inf 
108.000000 0.050000 1296.000000 1296 0 0.000000 0.000000 -nan 0.000000 6762.000000 inf 
108.000000 0.050000 1296.000000 1296 0 0.000000 0.000000 -nan 0.000000 6762.000000 inf 
108.000000 0.050000 1296.000000 1296 0 0.000000 0.000000 -nan 0.000000 6762.000000 inf 
108.000000 0.050000 1296.000000 1296 0 0.000000 0.000000 -nan 0.000000 6762.000000 inf 
120.000000 0.050000 1440.000000 1440 0 0.000000 0.000000 -nan 0.000000 6762.000000 inf 
120.000000 0.050000 1440.000000 1440 0 0.000000 0.000000 -nan 0.000000 6762.000000 inf 
120.000000 0.050000 1440.000000 1440 0 0.000000 0.000000 -nan 0.000000 6762.000000 inf 
120.000000 0.050000 1440.000000 1440 0 0.000000 0.000000 -nan 0.000000 6762.000000 inf 
120.000000 0.050000 1440.000000 1440 0 0.000000 0.000000 -nan 0.000000 6762.000000 inf 
120.000000 0.050000 1440.000000 1440 0 0.000000 0.000000 -nan 0.000000 6762.000000 inf 
120.000000 0.050000 1440.000000 1440 0 0.000000 0.000000 -nan 0.000000 6762.000000 inf 
120.000000 0.050000 1440.000000 1440 0 0.000000 0.000000 -nan 0.000000 6762.000000 inf 
120.000000 0.050000 1440.000000 1440 0 0.000000 0.000000 -nan 0.000000 6762.000000 inf 
120.000000 0.050000 1440.000000 1440 0 0.000000 0.000000 -nan 0.000000 6762.000000 inf 
132.000000 0.050000 1584.000000 1584 0 0.000000 0.000000 -nan 0.000000 6762.000000 inf 
132.000000 0.050000 1584.000000 1584 0 0.000000 0.000000 -nan 0.000000 6762.000000 inf 
132.000000 0.050000 1584.000000 1584 0 0.000000 0.000000 -nan 0.000000 6762.000000 inf 
132.000000 0.050000 1584.000000 1584 0 0.000000 0.000000 -nan 0.000000 6762.000000 inf 
132.000000 0.050000 1584.000000 1584 0 0.000000 0.000000 -nan 0.000000 6762.000000 inf 
132.000000 0.050000 1584.000000 1584 0 0.000000 0.000000 -nan 0.000000 6762.000000 inf 
132.000000 0.050000 1584.000000 1584 0 0.000000 0.000000 -nan 0.000000 6762.000000 inf 
132.000000 0.050000 1584.000000 1584 0 0.000000 0.000000 -nan 0.000000 6762.000000 inf 
132.000000 0.050000 1584.000000 1584 0 0.000000 0.000000 -nan 0.000000 6762.000000 inf 
132.000000 0.050000 1584.000000 1584 0 0.000000 0.000000 -nan 0.000000 6762.000000 inf 
144.000000 0.050000 1728.000000 1728 0 0.000000 0.000000 -nan 0.000000 6762.000000 inf 
144.000000 0.050000 1728.000000 1728 0 0.000000 0.000000 -nan 0.000000 6762.000000 inf 
144.000000 0.050000 1728.000000 1728 0 0.000000 0.000000 -nan 0.000000 6762.000000 inf 
144.000000 0.050000 1728.000000 1728 0 0.000000 0.000000 -nan 0.000000 6762.000000 inf 
144.000000 0.050000 1728.000000 1728 0 0.000000 0.000000 -nan 0.000000 6762.000000 inf 
144.000000 0.050000 1728.000000 1728 0 0.000000 0.000000 -nan 0.000000 6762.000000 inf 
144.000000 0.050000 1728.000000 1728 0 0.000000 0.000000 -nan 0.000000 6762.000000 inf 
144.000000 0.050000 1728.000000 1728 0 0.000000 0.000000 -nan 0.000000 6762.000000 inf 
144.000000 0.050000 1728.000000 1728 0 0.000000 0.000000 -nan 0.000000 6762.000000 inf 
144.000000 0.050000 1728.000000 1728 0 0.000000 0.000000 -nan 0.000000 6762.000000 inf 
24.000000 0.050000 288.000000 288 5 13.480933 5.000000 2.696187 0.017361 27229.371844 5445.874369 
24.000000 0.050000 288.000000 288 117 703.890300 117.000000 6.016156 0.406250 31870.317312 272.395874 
