0.012000 0.050000 0.036000 36 19 2324.298359 0.019000 122.331492 0.527778 482.352358
0.024000 0.050000 0.060000 60 39 5757.870455 0.039800 144.673023 0.663334 295.736474
0.036000 0.050000 0.096000 96 66 9587.048477 0.066200 144.803670 0.689583 219.196378
0.048000 0.050000 0.120000 120 88 12474.162143 0.088300 141.347281 0.735833 190.391041
0.060000 0.050000 0.144000 144 110 16831.213891 0.110700 152.038627 0.768750 174.704769
0.072000 0.050000 0.180000 180 135 23475.660322 0.135400 173.470549 0.752222 160.747010
0.084000 0.050000 0.204000 204 156 35734.437979 0.156400 228.578379 0.766667 154.746597
0.096000 0.050000 0.240000 240 173 43971.395498 0.173300 253.873580 0.722083 149.864075
0.120000 0.050000 0.288000 288 192 69060.149629 0.192300 359.796002 0.667709 147.267886
0.132000 0.050000 0.324000 324 197 75023.583097 0.197400 380.404281 0.609259 145.886109
0.144000 0.050000 0.348000 348 203 86063.050937 0.203800 422.121270 0.585632 144.064371
0.168000 0.050000 0.408000 408 213 101908.749266 0.213100 478.955568 0.522304 142.491900
0.180000 0.050000 0.432000 432 217 110157.812001 0.217100 508.184134 0.502546 141.847949
0.192000 0.050000 0.468000 468 225 111078.683795 0.225900 492.155448 0.482692 139.107995
0.204000 0.050000 0.492000 492 225 124440.426602 0.225700 552.186488 0.458740 140.157840
0.228000 0.050000 0.552000 552 234 136247.807467 0.234900 581.096638 0.425543 136.746281
0.240000 0.050000 0.576000 576 231 139280.679826 0.231500 603.122276 0.401910 138.965226
0.252000 0.050000 0.612000 612 228 150411.955510 0.228700 658.892084 0.373693 139.163432
0.264000 0.050000 0.636000 636 235 147103.154845 0.235800 624.312240 0.370755 137.957904
0.276000 0.050000 0.672000 672 237 154224.435179 0.237500 651.175815 0.353423 136.882829
0.288000 0.050000 0.696000 696 237 161917.797940 0.237800 683.048472 0.341666 137.221740
0.300000 0.050000 0.720000 720 235 168086.069544 0.235700 713.716132 0.327361 138.065284
0.324000 0.050000 0.780000 780 236 175775.305473 0.236000 745.809839 0.302564 139.087485
0.336000 0.050000 0.816000 816 232 177166.437197 0.232900 761.895291 0.285417 139.048724
0.348000 0.050000 0.840000 840 235 187498.392587 0.235600 796.470899 0.280476 139.046287
0.360000 0.050000 0.864000 864 240 186773.912471 0.240700 776.780723 0.278588 137.007217
