0.010000 0.050000 0.120000 144 27 5350.250504 0.022500 198.157426 0.187500 139.306687
0.020000 0.050000 0.240000 288 49 5132.168338 0.040833 104.738129 0.170139 76.854796
0.030000 0.050000 0.360000 432 76 16019.268526 0.063333 210.779849 0.175926 49.622319
0.040000 0.050000 0.480000 576 28 2629.251709 0.023333 93.901847 0.048611 134.429718
0.050000 0.050000 0.600000 720 118 38476.637487 0.098333 326.073199 0.163889 31.936739
0.060000 0.050000 0.720000 864 138 35303.319840 0.115000 255.821158 0.159722 27.484599
0.070000 0.050000 0.840000 1008 166 45672.697083 0.138333 275.136729 0.164683 22.853394
0.080000 0.050000 0.960000 1152 142 24724.270422 0.118333 174.114580 0.123264 26.471629
0.090000 0.050000 1.080000 1296 136 33657.720644 0.113333 247.483240 0.104938 27.651897
0.100000 0.050000 1.200000 1440 146 27761.251488 0.121667 190.145558 0.101389 25.786320
0.110000 0.050000 1.320000 1584 157 28464.803650 0.130833 181.304482 0.099116 23.972742
0.010000 0.050000 0.120000 144 75 14723.537679 0.062834 196.298679 0.523611 49.186297
0.020000 0.050000 0.240000 288 82 20931.018349 0.068333 256.552789 0.284722 45.396972
0.030000 0.050000 0.360000 432 86 28360.439144 0.071750 330.163791 0.199305 43.079995
0.040000 0.050000 0.480000 576 92 32403.992283 0.076750 356.003320 0.159896 40.600169
0.050000 0.050000 0.600000 720 98 34668.370466 0.082083 351.991916 0.136805 38.096023
0.060000 0.050000 0.720000 864 95 38250.086902 0.079833 398.642062 0.110879 38.808528
0.070000 0.050000 0.840000 1008 95 40292.776048 0.079917 419.431316 0.095139 38.954605
0.080000 0.050000 0.960000 1152 90 38557.158319 0.075083 427.386104 0.078212 41.461034
0.090000 0.050000 1.080000 1296 88 39089.046549 0.074083 438.561412 0.068596 42.397504
0.100000 0.050000 1.200000 1440 95 41459.798422 0.079667 440.222020 0.066389 39.482801
0.110000 0.050000 1.320000 1584 89 39250.424145 0.074833 436.544363 0.056692 41.591457
0.010000 0.050000 0.120000 144 86 15442.313946 0.071917 180.875512 0.599306 42.672548
0.020000 0.050000 0.240000 288 89 28430.525874 0.074250 319.354118 0.309375 41.456691
0.030000 0.050000 0.360000 432 92 32949.723048 0.076917 357.751553 0.213657 39.868445
0.040000 0.050000 0.480000 576 92 34617.978369 0.076750 377.764515 0.159896 40.086895
0.050000 0.050000 0.600000 720 97 43062.971763 0.081500 441.854174 0.135833 37.622005
0.060000 0.050000 0.720000 864 92 43018.230101 0.076917 465.679437 0.106829 39.815741
0.070000 0.050000 0.840000 1008 93 42445.582937 0.077750 456.002770 0.092560 39.387809
0.080000 0.050000 0.960000 1152 93 42541.362050 0.077833 454.863603 0.081076 39.402960
0.090000 0.050000 1.080000 1296 96 45598.323910 0.080583 471.888542 0.074614 38.008556
0.100000 0.050000 1.200000 1440 98 46250.757515 0.082417 469.339753 0.068680 37.541907
0.110000 0.050000 1.320000 1584 98 46328.974096 0.081750 473.726375 0.061932 37.664048
0.010000 0.050000 0.120000 144 90 16922.022374 0.075500 186.801083 0.629166 40.106102
0.020000 0.050000 0.240000 288 98 31084.978143 0.081667 317.455014 0.340278 37.300353
0.030000 0.050000 0.360000 432 97 38411.792613 0.081083 395.566280 0.225231 37.598396
0.040000 0.050000 0.480000 576 100 40780.324175 0.083500 407.524200 0.173958 36.516428
0.050000 0.050000 0.600000 720 98 43139.539832 0.081833 439.393763 0.136389 37.172509
0.060000 0.050000 0.720000 864 100 44557.986607 0.083750 444.173808 0.116319 36.451060
0.070000 0.050000 0.840000 1008 95 46813.428470 0.079833 489.266907 0.095040 38.148330
0.080000 0.050000 0.960000 1152 97 47503.353123 0.081250 487.773128 0.084635 37.440824
0.090000 0.050000 1.080000 1296 97 48568.225526 0.081416 497.126967 0.075386 37.502464
0.100000 0.050000 1.200000 1440 98 50514.279684 0.082167 513.190977 0.068472 37.229214
0.110000 0.050000 1.320000 1584 100 50669.000025 0.084000 501.864554 0.063636 36.303765
0.010000 0.050000 0.120000 144 91 17175.042854 0.076000 188.981045 0.633333 39.734597
0.020000 0.050000 0.240000 288 100 32258.958103 0.083667 321.382097 0.348611 36.284502
0.030000 0.050000 0.360000 432 100 40609.964231 0.083333 405.987391 0.231481 36.353512
0.040000 0.050000 0.480000 576 101 44334.831510 0.084417 438.358033 0.175868 35.955168
0.050000 0.050000 0.600000 720 101 45652.755078 0.084500 450.566001 0.140833 35.968136
0.060000 0.050000 0.720000 864 96 45168.618105 0.080333 469.047538 0.111574 37.685007
0.070000 0.050000 0.840000 1008 98 47294.371758 0.082417 479.293642 0.098115 36.828934
0.080000 0.050000 0.960000 1152 103 50633.243611 0.086417 488.240786 0.090017 35.103071
0.090000 0.050000 1.080000 1296 109 52833.337572 0.091583 480.615699 0.084800 33.125720
0.100000 0.050000 1.200000 1440 102 50712.652269 0.085583 493.793694 0.071319 35.468655
0.110000 0.050000 1.320000 1584 99 50169.029774 0.083000 504.488744 0.062879 36.628216
0.010000 0.050000 0.120000 144 94 18530.980967 0.078500 197.685675 0.654167 38.349246
0.020000 0.050000 0.240000 288 97 33268.229952 0.081250 341.611674 0.338542 37.170846
0.030000 0.050000 0.360000 432 99 40076.239168 0.082750 403.804566 0.229861 36.491946
0.040000 0.050000 0.480000 576 103 43437.859841 0.086333 420.074161 0.179861 35.124484
0.050000 0.050000 0.600000 720 102 47377.242048 0.085167 464.109623 0.141945 35.619320
0.060000 0.050000 0.720000 864 97 46244.755313 0.080833 476.876153 0.112269 37.413582
0.070000 0.050000 0.840000 1008 100 48924.881330 0.083917 486.623089 0.099901 36.121621
0.080000 0.050000 0.960000 1152 99 50263.209671 0.082833 505.926647 0.086285 36.525833
0.090000 0.050000 1.080000 1296 106 53187.939054 0.088917 498.191537 0.082330 33.976503
0.100000 0.050000 1.200000 1440 98 50834.186573 0.082417 514.355920 0.068681 36.747856
0.110000 0.050000 1.320000 1584 106 54826.284348 0.088416 516.692706 0.066982 34.229641
0.010000 0.050000 0.120000 144 95 17568.165946 0.079167 186.030941 0.659722 38.045635
0.020000 0.050000 0.240000 288 99 34196.199453 0.083000 343.979727 0.345833 36.343030
0.030000 0.050000 0.360000 432 103 41208.248457 0.086000 399.773526 0.238889 35.124386
0.040000 0.050000 0.480000 576 101 45364.536901 0.084500 449.146559 0.176042 35.724283
0.050000 0.050000 0.600000 720 106 48046.994188 0.088333 453.670602 0.147222 34.232063
0.060000 0.050000 0.720000 864 102 49623.354652 0.085750 482.341749 0.119097 35.288989
0.070000 0.050000 0.840000 1008 104 50677.282365 0.086750 487.269640 0.103274 34.763429
0.080000 0.050000 0.960000 1152 100 50539.630772 0.083833 502.934647 0.087327 35.946132
0.090000 0.050000 1.080000 1296 98 49004.238892 0.082000 498.452422 0.075926 36.750427
0.100000 0.050000 1.200000 1440 105 52743.725268 0.087500 502.065294 0.072917 34.503729
0.110000 0.050000 1.320000 1584 101 52131.447269 0.084917 511.511900 0.064331 35.470301
0.010000 0.050000 0.120000 144 93 17591.111129 0.077583 189.228242 0.646528 38.587853
0.020000 0.050000 0.240000 288 99 35264.084699 0.083167 354.530935 0.346528 36.162362
0.030000 0.050000 0.360000 432 100 40739.298777 0.083500 406.577700 0.231944 36.103854
0.040000 0.050000 0.480000 576 100 43796.617589 0.083583 437.181384 0.174132 36.025455
0.050000 0.050000 0.600000 720 101 48827.366867 0.084833 480.150160 0.141389 35.466806
0.060000 0.050000 0.720000 864 99 47795.471248 0.082583 482.375707 0.114699 36.396921
0.070000 0.050000 0.840000 1008 99 49770.781550 0.083000 500.671145 0.098809 36.403704
0.080000 0.050000 0.960000 1152 100 51109.386080 0.083833 508.096590 0.087326 35.950615
0.090000 0.050000 1.080000 1296 101 50591.666708 0.084333 500.324637 0.078086 35.687396
0.100000 0.050000 1.200000 1440 101 52866.046734 0.084583 520.785985 0.070486 35.561290
0.110000 0.050000 1.320000 1584 102 52499.080507 0.085000 515.226530 0.064394 35.425243
0.010000 0.050000 0.120000 144 97 17664.991391 0.081000 181.944920 0.675000 36.936361
0.020000 0.050000 0.240000 288 98 34955.831255 0.081667 358.103046 0.340278 36.775638
0.030000 0.050000 0.360000 432 102 42111.538935 0.085417 411.491992 0.237269 35.123835
0.040000 0.050000 0.480000 576 104 47353.363883 0.087167 453.579992 0.181597 34.562510
0.050000 0.050000 0.600000 720 100 48101.877249 0.083833 478.414089 0.139722 35.776451
0.060000 0.050000 0.720000 864 102 50209.134253 0.085167 491.335491 0.118287 35.214789
0.070000 0.050000 0.840000 1008 103 50199.362475 0.085917 487.275714 0.102282 34.978375
0.080000 0.050000 0.960000 1152 101 50586.528407 0.084417 499.453697 0.087934 35.593103
0.090000 0.050000 1.080000 1296 100 50445.730009 0.083417 504.502550 0.077238 35.965175
0.100000 0.050000 1.200000 1440 101 51007.540592 0.084417 503.931028 0.070347 35.606152
0.110000 0.050000 1.320000 1584 98 51515.022035 0.082334 521.215528 0.062374 36.456588
0.010000 0.050000 0.120000 144 94 18961.909864 0.078917 200.349080 0.657639 37.886383
0.020000 0.050000 0.240000 288 98 34843.600994 0.082167 354.463362 0.342361 36.572523
0.030000 0.050000 0.360000 432 101 42714.256509 0.084333 422.390402 0.234259 35.576240
0.040000 0.050000 0.480000 576 101 45648.819153 0.084417 451.254879 0.175868 35.522613
0.050000 0.050000 0.600000 720 96 47078.454477 0.080750 485.970489 0.134583 37.075798
0.060000 0.050000 0.720000 864 103 50051.756566 0.086083 484.234518 0.119560 34.861366
0.070000 0.050000 0.840000 1008 99 49721.465930 0.082833 500.386958 0.098611 36.176655
0.080000 0.050000 0.960000 1152 100 51842.854930 0.083917 515.157538 0.087413 35.765383
0.090000 0.050000 1.080000 1296 99 51198.962086 0.082500 517.726432 0.076389 36.361735
0.100000 0.050000 1.200000 1440 102 52569.163960 0.085333 513.381105 0.071111 35.099419
0.110000 0.050000 1.320000 1584 102 53189.446195 0.085000 521.904517 0.064394 35.272856
0.010000 0.050000 0.120000 144 93 18094.150970 0.077583 195.237912 0.646528 38.514929
0.020000 0.050000 0.240000 288 98 34738.316310 0.081917 354.030360 0.341319 36.591509
0.030000 0.050000 0.360000 432 103 43631.644636 0.085833 424.744682 0.238426 34.956518
0.040000 0.050000 0.480000 576 99 45018.316866 0.082667 454.299223 0.172222 36.190315
0.050000 0.050000 0.600000 720 97 46955.096531 0.081500 480.434400 0.135834 36.688044
0.060000 0.050000 0.720000 864 102 50357.610628 0.085500 490.471778 0.118750 35.057742
0.070000 0.050000 0.840000 1008 102 50857.830885 0.085167 497.783825 0.101389 35.156104
0.080000 0.050000 0.960000 1152 98 49111.106708 0.082000 498.895043 0.085417 36.539635
0.090000 0.050000 1.080000 1296 99 52097.111708 0.083000 523.978230 0.076852 36.131548
0.100000 0.050000 1.200000 1440 102 53206.567978 0.085167 521.130205 0.070972 35.162958
0.110000 0.050000 1.320000 1584 101 53505.144213 0.084667 527.374581 0.064141 35.449196
0.010000 0.050000 0.120000 144 96 18743.084403 0.080417 194.348736 0.670139 37.059571
0.020000 0.050000 0.240000 288 101 35905.367609 0.084667 353.555072 0.352778 35.289612
0.030000 0.050000 0.360000 432 100 42043.704253 0.083333 420.687537 0.231482 35.894307
0.040000 0.050000 0.480000 576 101 44843.030617 0.084417 443.729576 0.175868 35.460319
0.050000 0.050000 0.600000 720 98 47485.958401 0.082333 481.253035 0.137222 36.370591
0.060000 0.050000 0.720000 864 100 49019.740297 0.084000 486.810360 0.116667 35.563249
0.070000 0.050000 0.840000 1008 98 49396.543463 0.082000 501.926613 0.097619 36.488128
0.080000 0.050000 0.960000 1152 98 51417.306148 0.082167 522.074528 0.085590 36.419247
0.090000 0.050000 1.080000 1296 97 50466.174337 0.081417 516.594690 0.075386 36.693321
0.100000 0.050000 1.200000 1440 99 52458.571265 0.083250 525.659653 0.069375 35.905312
0.110000 0.050000 1.320000 1584 99 52337.077595 0.083167 524.582549 0.063005 35.979688
0.010000 0.050000 0.120000 144 95 19904.399315 0.079500 210.026242 0.662500 37.515892
0.020000 0.050000 0.240000 288 96 35931.400004 0.080667 372.118406 0.336111 37.031100
0.030000 0.050000 0.360000 432 97 41598.322366 0.081583 425.720783 0.226620 36.620466
0.040000 0.050000 0.480000 576 100 45961.765790 0.084083 455.731232 0.175174 35.486728
0.050000 0.050000 0.600000 720 99 48410.546564 0.082583 488.302464 0.137639 36.163734
0.060000 0.050000 0.720000 864 99 48878.623086 0.082833 492.211470 0.115047 36.041492
0.070000 0.050000 0.840000 1008 100 50272.696295 0.083583 501.333151 0.099504 35.793986
0.080000 0.050000 0.960000 1152 96 50706.637045 0.080250 526.917794 0.083594 37.184996
0.090000 0.050000 1.080000 1296 99 51874.485351 0.082917 520.955996 0.076775 35.990057
0.100000 0.050000 1.200000 1440 99 51449.504364 0.082833 518.000906 0.069028 36.100257
0.110000 0.050000 1.320000 1584 96 51380.229093 0.080167 534.514849 0.060732 37.251778
0.010000 0.050000 0.120000 144 94 19528.977351 0.079000 206.751168 0.658333 37.728433
0.020000 0.050000 0.240000 288 97 33518.318798 0.080917 346.055143 0.337153 36.893984
0.030000 0.050000 0.360000 432 102 42358.689248 0.085333 414.256213 0.237037 34.964843
0.040000 0.050000 0.480000 576 98 46290.969234 0.082333 468.623914 0.171528 36.201420
0.050000 0.050000 0.600000 720 99 49102.889465 0.082833 494.080128 0.138056 35.949506
0.060000 0.050000 0.720000 864 99 49697.058535 0.082583 502.164497 0.114699 36.165355
0.070000 0.050000 0.840000 1008 98 49178.288158 0.082417 497.936546 0.098115 36.292775
0.080000 0.050000 0.960000 1152 95 49006.616922 0.079167 516.358331 0.082465 37.682691
0.090000 0.050000 1.080000 1296 97 50161.155513 0.081417 513.632206 0.075386 36.683215
0.100000 0.050000 1.200000 1440 97 51107.639055 0.081500 522.742298 0.067916 36.529959
0.110000 0.050000 1.320000 1584 97 51703.349504 0.081583 528.616000 0.061805 36.544877
