0.012000 0.050000 0.028000 28 22 824.254841 0.022800 36.359692 0.814286 699.298702
0.024000 0.050000 0.050000 50 41 1235.375698 0.041400 29.758742 0.828000 413.265243
0.036000 0.050000 0.068000 68 60 1669.935858 0.060700 27.478628 0.892647 304.072993
0.048000 0.050000 0.095600 95 83 1909.808053 0.083000 22.964455 0.868257 243.883277
0.060000 0.050000 0.114800 114 107 2716.015029 0.107200 25.336944 0.933937 208.661560
0.072000 0.050000 0.135000 135 130 2822.844146 0.130200 21.693172 0.964438 184.809916
0.084000 0.050000 0.155400 155 149 4239.711999 0.149600 28.368880 0.962779 178.269296
0.096000 0.050000 0.179600 179 168 6180.956492 0.168700 36.597330 0.939314 175.824385
0.120000 0.050000 0.218500 218 202 15118.705714 0.202800 74.639344 0.928158 171.662943
0.132000 0.050000 0.239700 239 214 18158.594434 0.214600 84.766690 0.895301 171.384061
0.144000 0.050000 0.260300 260 217 32143.440737 0.217900 148.445401 0.837162 176.456281
0.168000 0.050000 0.300700 300 234 36494.034603 0.234200 156.011939 0.778845 170.878357
0.180000 0.050000 0.320100 320 238 45923.571668 0.238300 192.572341 0.744502 169.889172
0.192000 0.050000 0.338200 338 242 48517.991291 0.242500 199.985595 0.717010 171.530053
0.204000 0.050000 0.357800 357 247 58652.627406 0.247700 237.387168 0.692292 169.386309
0.228000 0.050000 0.394400 394 250 65499.865590 0.250000 263.324708 0.633860 170.226889
0.240000 0.050000 0.413300 413 246 69111.539570 0.246700 281.462526 0.596953 170.637444
0.252000 0.050000 0.429600 429 256 71161.166717 0.256600 277.605566 0.597301 167.479349
0.264000 0.050000 0.447000 447 252 82993.093789 0.252300 329.197958 0.564418 169.396461
0.276000 0.050000 0.463800 463 251 81239.382489 0.251300 323.893650 0.541822 170.275779
0.288000 0.050000 0.479600 479 252 87787.952819 0.252300 347.443313 0.526152 170.606416
0.300000 0.050000 0.496800 496 259 92343.963746 0.259100 358.305204 0.521610 167.415031
0.324000 0.050000 0.523800 523 257 86819.210364 0.257800 337.744001 0.492258 167.384070
0.336000 0.050000 0.535000 535 257 92364.665118 0.257500 358.785848 0.481318 166.802768
0.348000 0.050000 0.554800 554 261 99721.299774 0.261200 381.587845 0.470948 166.274676
0.360000 0.050000 0.562500 562 258 95768.017476 0.258000 370.446401 0.458789 167.710032
