0.012	0.0241079028
0.024	0.0479726654
0.036	0.0715959805
0.048	0.0949795312
0.06	0.1181249914
0.072	0.1410340255
0.084	0.1637082886
0.096	0.1861494268
0.108	0.2083590765
0.12	0.2296813245
0.132	0.249464818
0.144	0.2666069863
0.156	0.2820932757
0.168	0.2960415014
0.18	0.3040992774
0.192	0.3086764671
0.204	0.3132258611
0.216	0.3177475451
0.228	0.3222416044
0.24	0.3230696233
0.252	0.3228493492
0.264	0.3226303902
0.276	0.3224127426
0.288	0.3221964025
0.3	0.3219813663
0.312	0.32176763
0.324	0.3215551899
0.336	0.3213440421
0.348	0.3211341826
0.36	0.3209256076

