0.012000 0.020000 0.036000 36 12 71.655112 0.012000 5.971259 0.333333 856.777909
0.024000 0.020000 0.060000 60 23 137.521202 0.023000 5.979183 0.383333 539.326995
0.036000 0.020000 0.096000 96 38 221.025103 0.038000 5.816450 0.395833 407.797842
0.048000 0.020000 0.120000 120 49 297.699659 0.049000 6.075503 0.408333 359.762255
0.060000 0.020000 0.144000 144 60 369.709580 0.060000 6.161826 0.416667 329.106338
0.072000 0.020000 0.180000 180 75 451.969786 0.075000 6.026264 0.416667 306.644967
0.084000 0.020000 0.204000 204 86 516.295321 0.086000 6.003434 0.421569 292.244018
0.096000 0.020000 0.240000 240 102 605.367046 0.102000 5.934971 0.425000 277.615768
0.120000 0.020000 0.288000 288 124 754.008655 0.124000 6.080715 0.430556 261.986132
0.132000 0.020000 0.324000 324 137 825.817027 0.137000 6.027862 0.422840 260.807525
0.144000 0.020000 0.348000 348 150 906.406923 0.150000 6.042713 0.431034 252.935091
0.168000 0.020000 0.408000 408 176 1053.109452 0.176000 5.983576 0.431373 244.826471
0.180000 0.020000 0.432000 432 185 1111.866756 0.185000 6.010091 0.428241 244.786313
0.192000 0.020000 0.468000 468 199 1193.690761 0.199000 5.998446 0.425214 243.935241
0.204000 0.020000 0.492000 492 212 1280.399558 0.212000 6.039621 0.430894 239.011265
0.228000 0.020000 0.552000 552 237 1424.804919 0.237000 6.011835 0.429348 235.831131
0.240000 0.020000 0.576000 576 248 1486.694481 0.248000 5.994736 0.430556 233.615635
0.252000 0.020000 0.612000 612 263 1569.254117 0.263000 5.966746 0.429739 232.622718
0.264000 0.020000 0.636000 636 274 1644.928696 0.274000 6.003389 0.430818 231.371509
0.276000 0.020000 0.670000 670 287 1721.162314 0.287000 5.997081 0.428358 230.217647
0.288000 0.020000 0.696000 696 300 1800.636989 0.300000 6.002123 0.431034 229.001757
0.300000 0.020000 0.720000 720 309 1862.248177 0.309000 6.026693 0.429167 228.945747
0.324000 0.020000 0.780000 780 335 2010.719996 0.335000 6.002149 0.429487 227.248580
0.336000 0.020000 0.812000 812 348 2089.168423 0.348000 6.003358 0.428571 226.001609
0.348000 0.020000 0.840000 840 362 2175.649511 0.362000 6.010082 0.430952 224.737244
0.360000 0.020000 0.864000 864 371 2232.513261 0.371000 6.017556 0.429398 224.973725
