0.001000 0.020000 0.036000 36 20 1650.057127 0.020000 82.502856 0.555556 9449.821156 472.491058 
0.001000 0.020000 0.036000 36 20 1204.792340 0.020000 60.239617 0.555556 9539.731496 476.986575 
0.001000 0.020000 0.036000 36 20 1505.540375 0.020000 75.277019 0.555556 9630.461107 481.523055 
0.001000 0.020000 0.036000 36 20 1164.917684 0.020000 58.245884 0.555556 9443.149422 472.157471 
0.001000 0.020000 0.036000 36 20 1432.791665 0.020000 71.639583 0.555556 9456.576119 472.828806 
0.001000 0.020000 0.036000 36 20 1311.822402 0.020000 65.591120 0.555556 9530.137603 476.506880 
0.001000 0.020000 0.036000 36 20 1559.923880 0.020000 77.996194 0.555556 9739.840745 486.992037 
0.001000 0.020000 0.036000 36 20 1361.905078 0.020000 68.095254 0.555556 9699.798533 484.989927 
0.001000 0.020000 0.036000 36 20 1098.203605 0.020000 54.910180 0.555556 9510.143476 475.507174 
0.001000 0.020000 0.036000 36 19 926.496823 0.019000 48.762991 0.527778 9353.893600 492.310189 
0.002000 0.020000 0.060000 60 40 3727.898627 0.040000 93.197466 0.666667 12023.347625 300.583691 
0.002000 0.020000 0.060000 60 40 3779.744900 0.040000 94.493622 0.666667 12137.193551 303.429839 
0.002000 0.020000 0.060000 60 40 4603.197954 0.040000 115.079949 0.666667 12763.901553 319.097539 
0.002000 0.020000 0.060000 60 41 4167.714230 0.041000 101.651567 0.683333 12150.721345 296.359057 
0.002000 0.020000 0.060000 60 40 4370.550088 0.040000 109.263752 0.666667 12139.465435 303.486636 
0.002000 0.020000 0.060000 60 40 4051.124400 0.040000 101.278110 0.666667 12420.052375 310.501309 
0.002000 0.020000 0.060000 60 40 4654.930576 0.040000 116.373264 0.666667 12849.806248 321.245156 
0.002000 0.020000 0.060000 60 41 4562.575417 0.041000 111.282327 0.683333 12205.268369 297.689472 
0.002000 0.020000 0.060000 60 40 3692.239062 0.040000 92.305977 0.666667 12055.040997 301.376025 
0.002000 0.020000 0.060000 60 42 4791.223302 0.042000 114.076745 0.700000 12593.355206 299.841791 
0.003000 0.020000 0.096000 96 67 6764.758303 0.067000 100.966542 0.697917 14621.246126 218.227554 
0.003000 0.020000 0.096000 96 66 7518.639396 0.066000 113.918779 0.687500 15828.175672 239.820844 
0.003000 0.020000 0.096000 96 66 7844.067075 0.066000 118.849501 0.687500 14700.059972 222.728181 
0.003000 0.020000 0.096000 96 68 7457.920162 0.068000 109.675297 0.708333 15801.729798 232.378379 
0.003000 0.020000 0.096000 96 67 7798.469506 0.067000 116.395067 0.697917 15110.789750 225.534175 
0.003000 0.020000 0.096000 96 67 7745.453865 0.067000 115.603789 0.697917 15472.242450 230.928992 
0.003000 0.020000 0.096000 96 66 7620.901367 0.066000 115.468203 0.687500 15445.752290 234.026550 
0.003000 0.020000 0.096000 96 66 7924.496475 0.066000 120.068128 0.687500 14587.857441 221.028143 
0.003000 0.020000 0.096000 96 66 6850.575244 0.066000 103.796595 0.687500 14727.318295 223.141186 
0.003000 0.020000 0.096000 96 67 6955.465562 0.067000 103.812919 0.697917 14470.447271 215.976825 
0.004000 0.020000 0.120000 120 92 11168.452582 0.092000 121.396224 0.766667 17850.840258 194.030872 
0.004000 0.020000 0.120000 120 91 13553.424402 0.091000 148.938730 0.758333 17207.777779 189.096459 
0.004000 0.020000 0.120000 120 91 11290.719431 0.091000 124.073840 0.758333 17718.181522 194.705291 
0.004000 0.020000 0.120000 120 91 10509.395045 0.091000 115.487858 0.758333 17711.734770 194.634448 
0.004000 0.020000 0.120000 120 89 12150.751967 0.089000 136.525303 0.741667 17618.411431 197.959679 
0.004000 0.020000 0.120000 120 92 11434.421268 0.092000 124.287188 0.766667 18472.665970 200.789847 
0.004000 0.020000 0.120000 120 90 12265.030896 0.090000 136.278121 0.750000 18032.360117 200.359557 
0.004000 0.020000 0.120000 120 92 10803.199298 0.092000 117.426079 0.766667 17524.235929 190.480825 
0.004000 0.020000 0.120000 120 89 11166.615332 0.089000 125.467588 0.741667 17691.046012 198.775798 
0.004000 0.020000 0.120000 120 93 10717.874726 0.093000 115.245965 0.775000 17613.615538 189.393715 
0.005000 0.020000 0.144000 144 112 16267.723518 0.112000 145.247531 0.777778 20136.518827 179.790347 
0.005000 0.020000 0.144000 144 113 14206.808064 0.113000 125.723965 0.784722 19703.480472 174.367084 
0.005000 0.020000 0.144000 144 116 14717.497764 0.116000 126.874981 0.805556 19530.857271 168.369459 
0.005000 0.020000 0.144000 144 115 16385.534923 0.115000 142.482912 0.798611 20105.698194 174.832158 
0.005000 0.020000 0.144000 144 114 19986.232789 0.114000 175.317831 0.791667 20338.203355 178.405293 
0.005000 0.020000 0.144000 144 116 16982.196107 0.116000 146.398242 0.805556 19767.357806 170.408257 
0.005000 0.020000 0.144000 144 115 16521.593390 0.115000 143.666029 0.798611 19360.110743 168.348789 
0.005000 0.020000 0.144000 144 113 14797.797834 0.113000 130.953963 0.784722 19234.773383 170.219233 
0.005000 0.020000 0.144000 144 115 17913.662776 0.115000 155.770981 0.798611 20638.490510 179.465135 
0.005000 0.020000 0.144000 144 114 16245.704324 0.114000 142.506178 0.791667 20298.849142 178.060080 
0.006000 0.020000 0.180000 180 138 22907.542021 0.138000 165.996681 0.766667 22019.902316 159.564510 
0.006000 0.020000 0.180000 180 138 20670.354139 0.138000 149.785175 0.766667 21555.266712 156.197585 
0.006000 0.020000 0.180000 180 138 23215.925324 0.138000 168.231343 0.766667 22745.435928 164.821999 
0.006000 0.020000 0.180000 180 140 20844.066852 0.140000 148.886192 0.777778 22490.674688 160.647676 
0.006000 0.020000 0.180000 180 142 24122.310485 0.142000 169.875426 0.788889 22335.810085 157.294437 
0.006000 0.020000 0.180000 180 139 26075.110583 0.139000 187.590724 0.772222 22435.511767 161.406559 
0.006000 0.020000 0.180000 180 139 27529.639353 0.139000 198.054959 0.772222 23000.273940 165.469597 
0.006000 0.020000 0.180000 180 134 30754.703974 0.134000 229.512716 0.744444 22956.820541 171.319556 
0.006000 0.020000 0.180000 180 137 20522.163243 0.137000 149.796812 0.761111 22349.144738 163.132443 
0.006000 0.020000 0.180000 180 134 26072.639993 0.134000 194.571940 0.744444 22762.542550 169.869721 
0.007000 0.020000 0.204000 204 164 34183.219339 0.164000 208.434264 0.803922 24250.585425 147.869423 
0.007000 0.020000 0.204000 204 159 32499.164584 0.159000 204.397262 0.779412 24530.757977 154.281497 
0.007000 0.020000 0.204000 204 161 34426.174077 0.161000 213.827168 0.789216 24569.032058 152.602684 
0.007000 0.020000 0.204000 204 156 35287.627305 0.156000 226.202739 0.764706 24173.847786 154.960563 
0.007000 0.020000 0.204000 204 158 27767.192771 0.158000 175.741726 0.774510 24018.662088 152.016849 
0.007000 0.020000 0.204000 204 157 28563.589602 0.157000 181.933692 0.769608 24175.304930 153.982834 
0.007000 0.020000 0.204000 204 160 30686.309048 0.160000 191.789432 0.784314 24402.100709 152.513129 
0.007000 0.020000 0.204000 204 163 37401.511528 0.163000 229.457126 0.799020 26235.052517 160.951242 
0.007000 0.020000 0.204000 204 161 33265.320000 0.161000 206.616894 0.789216 25076.446926 155.754329 
0.007000 0.020000 0.204000 204 157 30619.109658 0.157000 195.026176 0.769608 23898.046227 152.216855 
0.008000 0.020000 0.240000 240 172 38044.084311 0.172000 221.186537 0.716667 25490.780814 148.202214 
0.008000 0.020000 0.240000 240 179 46235.622294 0.179000 258.299566 0.745833 26910.603344 150.338566 
0.008000 0.020000 0.240000 240 171 40116.448045 0.171000 234.599111 0.712500 25618.644875 149.816637 
0.008000 0.020000 0.240000 240 174 44822.330057 0.174000 257.599598 0.725000 26251.205040 150.868994 
0.008000 0.020000 0.240000 240 181 43321.051260 0.181000 239.342825 0.754167 26392.466055 145.814730 
0.008000 0.020000 0.240000 240 177 42950.456791 0.177000 242.657948 0.737500 25899.353791 146.324033 
0.008000 0.020000 0.240000 240 183 37732.514060 0.183000 206.188601 0.762500 26946.164944 147.246803 
0.008000 0.020000 0.240000 240 178 50507.707223 0.178000 283.751164 0.741667 26719.681553 150.110571 
0.008000 0.020000 0.240000 240 181 39832.447822 0.181000 220.068772 0.754167 26316.840655 145.396910 
0.008000 0.020000 0.240000 240 172 48941.212844 0.172000 284.541935 0.716667 25590.508937 148.782029 
0.009000 0.020000 0.264000 264 202 57732.362345 0.202000 285.803774 0.765152 28614.444901 141.655668 
0.009000 0.020000 0.264000 264 198 46103.048141 0.198000 232.843677 0.750000 28224.251917 142.546727 
0.009000 0.020000 0.264000 264 203 56651.491675 0.203000 279.071388 0.768939 28274.167718 139.281614 
0.009000 0.020000 0.264000 264 201 58764.731504 0.201000 292.361848 0.761364 28378.711464 141.187619 
0.009000 0.020000 0.264000 264 201 59838.090751 0.201000 297.701944 0.761364 29139.684187 144.973553 
0.009000 0.020000 0.264000 264 198 53358.843485 0.198000 269.489109 0.750000 28562.328311 144.254183 
0.009000 0.020000 0.264000 264 204 50568.127539 0.204000 247.882978 0.772727 28688.904757 140.631886 
0.009000 0.020000 0.264000 264 196 54169.155948 0.196000 276.373245 0.742424 28825.055268 147.066609 
0.009000 0.020000 0.264000 264 194 51064.966265 0.194000 263.221476 0.734848 27716.839410 142.870306 
0.009000 0.020000 0.264000 264 197 63499.768686 0.197000 322.333851 0.746212 28314.386293 143.727849 
0.010000 0.020000 0.288000 288 201 67950.936873 0.201000 338.064363 0.697917 29651.511721 147.519959 
0.010000 0.020000 0.288000 288 221 67499.345087 0.221000 305.426901 0.767361 30817.811002 139.447109 
0.010000 0.020000 0.288000 288 209 77613.938344 0.209000 371.358557 0.725694 30682.561023 146.806512 
0.010000 0.020000 0.288000 288 215 60707.576871 0.215000 282.360823 0.746528 29588.103649 137.619087 
0.010000 0.020000 0.288000 288 221 66173.136404 0.221000 299.425957 0.767361 29855.917478 135.094649 
0.010000 0.020000 0.288000 288 213 68386.577027 0.213000 321.063742 0.739583 30343.476658 142.457637 
0.010000 0.020000 0.288000 288 215 71902.311114 0.215000 334.429354 0.746528 30623.412528 142.434477 
0.010000 0.020000 0.288000 288 216 61625.715066 0.216000 285.304236 0.750000 29455.648402 136.368743 
0.010000 0.020000 0.288000 288 209 58879.805298 0.209000 281.721556 0.725694 28783.166326 137.718499 
0.010000 0.020000 0.288000 288 199 66864.607971 0.199000 336.003055 0.690972 29077.986458 146.120535 
0.011000 0.020000 0.324000 324 222 82304.268536 0.222000 370.739948 0.685185 31498.334787 141.884391 
0.011000 0.020000 0.324000 324 230 81662.773674 0.230000 355.055538 0.709877 31355.156635 136.326768 
0.011000 0.020000 0.324000 324 223 75438.248871 0.223000 338.288112 0.688272 30961.474883 138.840695 
0.011000 0.020000 0.324000 324 239 77851.675110 0.239000 325.739226 0.737654 31298.120876 130.954481 
0.011000 0.020000 0.324000 324 239 79678.979776 0.239000 333.384853 0.737654 31212.495185 130.596214 
0.011000 0.020000 0.324000 324 236 74861.083994 0.236000 317.207983 0.728395 31374.548956 132.943004 
0.011000 0.020000 0.324000 324 216 62967.199548 0.216000 291.514813 0.666667 30193.048773 139.782633 
0.011000 0.020000 0.324000 324 232 69024.725151 0.232000 297.520367 0.716049 30871.306734 133.065977 
0.011000 0.020000 0.324000 324 228 75814.000583 0.228000 332.517546 0.703704 31121.945568 136.499761 
0.011000 0.020000 0.324000 324 223 76620.028421 0.223000 343.587571 0.688272 31463.192280 141.090548 
0.012000 0.020000 0.348000 348 237 93641.724410 0.237000 395.112761 0.681034 32505.457609 137.153830 
0.012000 0.020000 0.348000 348 250 86021.668907 0.250000 344.086676 0.718391 33393.170190 133.572681 
0.012000 0.020000 0.348000 348 241 95460.362958 0.241000 396.101091 0.692529 33701.273896 139.839311 
0.012000 0.020000 0.348000 348 252 82192.637786 0.252000 326.161261 0.724138 33007.232122 130.981080 
0.012000 0.020000 0.348000 348 237 92420.019805 0.237000 389.957889 0.681034 32215.726173 135.931334 
0.012000 0.020000 0.348000 348 244 81569.714922 0.244000 334.302110 0.701149 31754.610416 130.141846 
0.012000 0.020000 0.348000 348 244 88197.353809 0.244000 361.464565 0.701149 32563.700803 133.457790 
0.012000 0.020000 0.348000 348 248 93804.657465 0.248000 378.244587 0.712644 33361.572272 134.522469 
0.012000 0.020000 0.348000 348 251 87039.020977 0.251000 346.769008 0.721264 32833.881076 130.812275 
0.012000 0.020000 0.348000 348 235 88700.480343 0.235000 377.448853 0.675287 32096.031609 136.578858 
0.013000 0.020000 0.384000 384 251 98568.580015 0.251000 392.703506 0.653646 33136.467803 132.017800 
0.013000 0.020000 0.384000 384 258 93402.481920 0.258000 362.025124 0.671875 33239.001427 128.833339 
0.013000 0.020000 0.384000 384 253 95821.619674 0.253000 378.741580 0.658854 33118.647949 130.903747 
0.013000 0.020000 0.384000 384 266 105047.452537 0.266000 394.915235 0.692708 34857.240259 131.042257 
0.013000 0.020000 0.384000 384 249 105610.090124 0.249000 424.136908 0.648438 33046.167553 132.715532 
0.013000 0.020000 0.384000 384 248 110576.658551 0.248000 445.873623 0.645833 33984.453380 137.034086 
0.013000 0.020000 0.384000 384 264 97791.075270 0.264000 370.420740 0.687500 34487.472444 130.634365 
0.013000 0.020000 0.384000 384 242 110682.496365 0.242000 457.365687 0.630208 33247.363566 137.385800 
0.013000 0.020000 0.384000 384 258 93243.917494 0.258000 361.410533 0.671875 33522.347846 129.931581 
0.013000 0.020000 0.384000 384 259 98284.644730 0.259000 379.477393 0.674479 33908.932724 130.922520 
0.014000 0.020000 0.408000 408 258 124362.944790 0.258000 482.026918 0.632353 34564.698836 133.971701 
0.014000 0.020000 0.408000 408 245 94669.363399 0.245000 386.405565 0.600490 32713.210981 133.523310 
0.014000 0.020000 0.408000 408 275 115775.212562 0.275000 421.000773 0.674020 35026.896794 127.370534 
0.014000 0.020000 0.408000 408 262 119113.622205 0.262000 454.632146 0.642157 34505.403877 131.700015 
0.014000 0.020000 0.408000 408 274 105604.311927 0.274000 385.417197 0.671569 34539.238607 126.055615 
0.014000 0.020000 0.408000 408 273 118546.316544 0.273000 434.235592 0.669118 34915.661839 127.896197 
0.014000 0.020000 0.408000 408 258 114582.546111 0.258000 444.118396 0.632353 34305.857435 132.968440 
0.014000 0.020000 0.408000 408 250 114555.369699 0.250000 458.221479 0.612745 32851.689094 131.406756 
0.014000 0.020000 0.408000 408 266 100987.597651 0.266000 379.652623 0.651961 34404.625003 129.340696 
0.014000 0.020000 0.408000 408 263 109341.312961 0.263000 415.746437 0.644608 34778.237043 132.236643 
0.015000 0.020000 0.432000 432 292 121665.018474 0.292000 416.661022 0.675926 35885.304535 122.894879 
0.015000 0.020000 0.432000 432 265 100390.812584 0.265000 378.833255 0.613426 33971.525340 128.194435 
0.015000 0.020000 0.432000 432 262 130910.876298 0.262000 499.659833 0.606481 34921.836327 133.289452 
0.015000 0.020000 0.432000 432 272 123929.831214 0.272000 455.624379 0.629630 35138.630188 129.186140 
0.015000 0.020000 0.432000 432 275 122908.676159 0.275000 446.940641 0.636574 35495.614736 129.074963 
0.015000 0.020000 0.432000 432 268 129311.771139 0.268000 482.506609 0.620370 35272.045082 131.612109 
0.015000 0.020000 0.432000 432 274 119792.673055 0.274000 437.199537 0.634259 35490.889368 129.528793 
0.015000 0.020000 0.432000 432 288 117083.891688 0.288000 406.541291 0.666667 36195.917688 125.680270 
0.015000 0.020000 0.432000 432 280 118776.461873 0.280000 424.201650 0.648148 36350.032995 129.821546 
0.015000 0.020000 0.432000 432 266 123831.263378 0.266000 465.531065 0.615741 35054.071222 131.782223 
0.016000 0.020000 0.468000 468 257 131132.873210 0.257000 510.244643 0.549145 34635.039234 134.766690 
0.016000 0.020000 0.468000 468 280 126551.866911 0.280000 451.970953 0.598291 35615.010760 127.196467 
0.016000 0.020000 0.468000 468 281 142375.241872 0.281000 506.673459 0.600427 35836.284704 127.531262 
0.016000 0.020000 0.468000 468 276 123387.386804 0.276000 447.055749 0.589744 35168.424387 127.421827 
0.016000 0.020000 0.468000 468 273 124501.412476 0.273000 456.049130 0.583333 35953.044367 131.696133 
0.016000 0.020000 0.468000 468 280 136817.573171 0.280000 488.634190 0.598291 35899.622750 128.212938 
0.016000 0.020000 0.468000 468 264 136494.321970 0.264000 517.023947 0.564103 34505.192595 130.701487 
0.016000 0.020000 0.468000 468 272 125930.754648 0.272000 462.980716 0.581197 35853.277460 131.813520 
0.016000 0.020000 0.468000 468 291 130255.299063 0.291000 447.612712 0.621795 36773.584680 126.369707 
0.016000 0.020000 0.468000 468 285 129153.641351 0.285000 453.170671 0.608974 35470.117624 124.456553 
0.017000 0.020000 0.492000 492 273 143684.514030 0.273000 526.316901 0.554878 35541.949855 130.190293 
0.017000 0.020000 0.492000 492 304 136954.729381 0.304000 450.508978 0.617886 37568.650856 123.581088 
0.017000 0.020000 0.492000 492 282 139981.297999 0.282000 496.387582 0.573171 36076.533406 127.930970 
0.017000 0.020000 0.492000 492 283 134106.618143 0.283000 473.874976 0.575203 35236.260834 124.509756 
0.017000 0.020000 0.492000 492 273 148122.494813 0.273000 542.573241 0.554878 35354.962725 129.505358 
0.017000 0.020000 0.492000 492 276 117710.639885 0.276000 426.487826 0.560976 34867.896303 126.332958 
0.017000 0.020000 0.492000 492 279 150990.768678 0.279000 541.185551 0.567073 35843.253136 128.470441 
0.017000 0.020000 0.492000 492 281 144749.708512 0.281000 515.123518 0.571138 37159.124639 132.238878 
0.017000 0.020000 0.492000 492 284 133328.499672 0.284000 469.466548 0.577236 36000.186120 126.761219 
0.017000 0.020000 0.492000 492 295 150098.704059 0.295000 508.809166 0.599593 37969.402581 128.709839 
0.018000 0.020000 0.528000 528 303 149709.278488 0.303000 494.090028 0.573864 37649.800852 124.256768 
0.018000 0.020000 0.528000 528 311 143916.877842 0.311000 462.755234 0.589015 38115.325131 122.557316 
0.018000 0.020000 0.528000 528 308 148999.919166 0.308000 483.765971 0.583333 38591.984236 125.298650 
0.018000 0.020000 0.528000 528 285 140286.285925 0.285000 492.232582 0.539773 35547.871090 124.729372 
0.018000 0.020000 0.528000 528 286 158353.365409 0.286000 553.683096 0.541667 36852.970073 128.856539 
0.018000 0.020000 0.528000 528 300 141992.523100 0.300000 473.308410 0.568182 37318.575822 124.395253 
0.018000 0.020000 0.528000 528 301 161810.896212 0.301000 537.577728 0.570076 37304.491737 123.935188 
0.018000 0.020000 0.528000 528 295 148808.309021 0.295000 504.434946 0.558712 37037.025836 125.549240 
0.018000 0.020000 0.528000 528 293 161839.014825 0.293000 552.351586 0.554924 37345.273050 127.458270 
0.018000 0.020000 0.528000 528 267 145743.878965 0.267000 545.857225 0.505682 34892.294617 130.682751 
0.019000 0.020000 0.552000 552 303 165560.096006 0.303000 546.402957 0.548913 36980.529665 122.047953 
0.019000 0.020000 0.552000 552 302 155171.862453 0.302000 513.814114 0.547101 37206.443847 123.200145 
0.019000 0.020000 0.552000 552 294 140810.282050 0.294000 478.946538 0.532609 36542.165720 124.293081 
0.019000 0.020000 0.552000 552 308 166667.768208 0.308000 541.129118 0.557971 38866.725724 126.190668 
0.019000 0.020000 0.552000 552 277 178098.173905 0.277000 642.953696 0.501812 36014.376361 130.015799 
0.019000 0.020000 0.552000 552 292 167591.640010 0.292000 573.943973 0.528986 37040.521357 126.851101 
0.019000 0.020000 0.552000 552 292 165302.914119 0.292000 566.105870 0.528986 36415.503569 124.710629 
0.019000 0.020000 0.552000 552 302 164378.097418 0.302000 544.298336 0.547101 37210.860875 123.214771 
0.019000 0.020000 0.552000 552 290 173089.039417 0.290000 596.858757 0.525362 36386.436694 125.470471 
0.019000 0.020000 0.552000 552 288 174238.910410 0.288000 604.996217 0.521739 36758.969309 127.635310 
0.020000 0.020000 0.576000 576 301 165443.461951 0.301000 549.646053 0.522569 37741.506958 125.387066 
0.020000 0.020000 0.576000 576 298 164961.604561 0.298000 553.562431 0.517361 36983.502542 124.105713 
0.020000 0.020000 0.576000 576 296 173673.559196 0.296000 586.734997 0.513889 36911.657464 124.701545 
0.020000 0.020000 0.576000 576 311 170276.160647 0.311000 547.511771 0.539931 38136.410292 122.625113 
0.020000 0.020000 0.576000 576 311 164119.928683 0.311000 527.716812 0.539931 38575.446558 124.036806 
0.020000 0.020000 0.576000 576 315 183160.372049 0.315000 581.461499 0.546875 38843.777419 123.313579 
0.020000 0.020000 0.576000 576 292 159497.175340 0.292000 546.223203 0.506944 36963.419073 126.587052 
0.020000 0.020000 0.576000 576 283 174374.133586 0.283000 616.163016 0.491319 36960.905611 130.603907 
0.020000 0.020000 0.576000 576 283 166604.015998 0.283000 588.706770 0.491319 36869.802453 130.281987 
0.020000 0.020000 0.576000 576 280 169719.674667 0.280000 606.141695 0.486111 36769.994644 131.321409 
0.021000 0.020000 0.612000 612 298 179261.084598 0.298000 601.547264 0.486928 37410.222827 125.537660 
0.021000 0.020000 0.612000 612 312 187191.868377 0.312000 599.973937 0.509804 38581.055658 123.657230 
0.021000 0.020000 0.612000 612 308 177330.929732 0.308000 575.749772 0.503268 37942.898569 123.191229 
0.021000 0.020000 0.612000 612 299 183690.741985 0.299000 614.350308 0.488562 37333.953434 124.862721 
0.021000 0.020000 0.612000 612 281 184764.875948 0.281000 657.526249 0.459150 36877.630312 131.237119 
0.021000 0.020000 0.612000 612 295 191330.000147 0.295000 648.576272 0.482026 37680.515919 127.730562 
0.021000 0.020000 0.612000 612 303 187365.321968 0.303000 618.367399 0.495098 36904.023911 121.795458 
0.021000 0.020000 0.612000 612 316 164098.183744 0.316000 519.298050 0.516340 39329.831482 124.461492 
0.021000 0.020000 0.612000 612 287 182389.794775 0.287000 635.504511 0.468954 36371.669818 126.730557 
0.021000 0.020000 0.612000 612 302 189552.680728 0.302000 627.657883 0.493464 37598.941538 124.499806 
0.022000 0.020000 0.636000 636 302 182887.332999 0.302000 605.587195 0.474843 38808.369331 128.504534 
0.022000 0.020000 0.636000 636 293 189016.778625 0.293000 645.108459 0.460692 37996.058176 129.679379 
0.022000 0.020000 0.636000 636 315 186536.933158 0.315000 592.180740 0.495283 39113.498115 124.169835 
0.022000 0.020000 0.636000 636 309 182935.503153 0.309000 592.024282 0.485849 38866.356553 125.781089 
0.022000 0.020000 0.636000 636 319 182898.188664 0.319000 573.348554 0.501572 38928.686268 122.033499 
0.022000 0.020000 0.636000 636 306 177669.175512 0.306000 580.618221 0.481132 38187.577298 124.796004 
0.022000 0.020000 0.636000 636 295 172946.314463 0.295000 586.258693 0.463836 37011.099963 125.461356 
0.022000 0.020000 0.636000 636 324 178919.091896 0.324000 552.219419 0.509434 39324.779598 121.372777 
0.022000 0.020000 0.636000 636 303 199627.752504 0.303000 658.837467 0.476415 37618.237841 124.152600 
0.022000 0.020000 0.636000 636 289 182987.318503 0.289000 633.174112 0.454403 37031.642217 128.137170 
0.023000 0.020000 0.672000 672 312 194555.248003 0.312000 623.574513 0.464286 39133.114878 125.426650 
0.023000 0.020000 0.672000 672 311 199218.365848 0.311000 640.573524 0.462798 37768.738137 121.442888 
0.023000 0.020000 0.672000 672 304 196360.089416 0.304000 645.921347 0.452381 38333.458783 126.096904 
0.023000 0.020000 0.672000 672 283 183259.201435 0.283000 647.559016 0.421131 36004.242660 127.223472 
0.023000 0.020000 0.672000 672 305 189580.944846 0.305000 621.576868 0.453869 37234.776420 122.081234 
0.023000 0.020000 0.672000 672 293 174939.691210 0.293000 597.063793 0.436012 37091.091400 126.590756 
0.023000 0.020000 0.672000 672 303 192536.015408 0.303000 635.432394 0.450893 38229.935905 126.171406 
0.023000 0.020000 0.672000 672 303 200832.316209 0.303000 662.812925 0.450893 37782.888530 124.696002 
0.023000 0.020000 0.672000 672 310 205817.872830 0.310000 663.928622 0.461310 38724.887495 124.918992 
0.023000 0.020000 0.672000 672 296 199449.789582 0.296000 673.816857 0.440476 37612.219729 127.068310 
0.024000 0.020000 0.696000 696 307 196510.442106 0.307000 640.099160 0.441092 38771.043250 126.290043 
0.024000 0.020000 0.696000 696 327 202569.547372 0.327000 619.478738 0.469828 39870.735743 121.928855 
0.024000 0.020000 0.696000 696 309 180508.716586 0.309000 584.170604 0.443966 38395.244029 124.256453 
0.024000 0.020000 0.696000 696 315 188825.222708 0.315000 599.445151 0.452586 38724.946508 122.936338 
0.024000 0.020000 0.696000 696 295 207555.219390 0.295000 703.577015 0.423851 37783.694110 128.080319 
0.024000 0.020000 0.696000 696 307 206186.163945 0.307000 671.616169 0.441092 38186.090684 124.384660 
0.024000 0.020000 0.696000 696 302 194435.537658 0.302000 643.826284 0.433908 37749.617873 124.998735 
0.024000 0.020000 0.696000 696 323 204955.608604 0.323000 634.537488 0.464080 39686.139253 122.867304 
0.024000 0.020000 0.696000 696 301 197379.643397 0.301000 655.746324 0.432471 38251.986061 127.083010 
0.024000 0.020000 0.696000 696 307 202660.554699 0.307000 660.132100 0.441092 38400.765706 125.083927 
0.025000 0.020000 0.720000 720 330 227037.940805 0.330000 687.993760 0.458333 40652.232500 123.188583 
0.025000 0.020000 0.720000 720 316 195025.525411 0.316000 617.169384 0.438889 38004.779579 120.268290 
0.025000 0.020000 0.720000 720 324 225777.661245 0.324000 696.844633 0.450000 39892.589025 123.125275 
0.025000 0.020000 0.720000 720 298 209612.233392 0.298000 703.396756 0.413889 37439.522426 125.635981 
0.025000 0.020000 0.720000 720 316 207161.894332 0.316000 655.575615 0.438889 39024.506211 123.495273 
0.025000 0.020000 0.720000 720 305 204721.194449 0.305000 671.217031 0.423611 37622.517691 123.352517 
0.025000 0.020000 0.720000 720 313 222133.539270 0.313000 709.691819 0.434722 39577.858721 126.446833 
0.025000 0.020000 0.720000 720 309 204566.181390 0.309000 662.026477 0.429167 38281.435038 123.888139 
0.025000 0.020000 0.720000 720 315 203713.156554 0.315000 646.708434 0.437500 39439.807934 125.205739 
0.025000 0.020000 0.720000 720 312 207783.218233 0.312000 665.971853 0.433333 38989.877981 124.967558 
0.026000 0.020000 0.756000 756 314 225549.600627 0.314000 718.310830 0.415344 38904.312696 123.899085 
0.026000 0.020000 0.756000 756 319 217379.910383 0.319000 681.441725 0.421958 38583.382096 120.951041 
0.026000 0.020000 0.756000 756 295 193489.755231 0.295000 655.897475 0.390212 37476.398566 127.038639 
0.026000 0.020000 0.756000 756 319 225907.581105 0.319000 708.174235 0.421958 39130.119548 122.664952 
0.026000 0.020000 0.756000 756 309 201738.277102 0.309000 652.874683 0.408730 38199.439322 123.622781 
0.026000 0.020000 0.756000 756 304 213182.903075 0.304000 701.259550 0.402116 37733.724896 124.124095 
0.026000 0.020000 0.756000 756 312 224931.978940 0.312000 720.935830 0.412698 39034.172970 125.109529 
0.026000 0.020000 0.756000 756 284 211447.212544 0.284000 744.532439 0.375661 36418.586081 128.234458 
0.026000 0.020000 0.756000 756 310 218267.507365 0.310000 704.088733 0.410053 37789.283810 121.900916 
0.026000 0.020000 0.756000 756 315 215511.166504 0.315000 684.162433 0.416667 39235.129172 124.555966 
0.027000 0.020000 0.780000 780 306 211100.599322 0.306000 689.871240 0.392308 38220.125530 124.902371 
0.027000 0.020000 0.780000 780 302 220577.394545 0.302000 730.388724 0.387179 38419.799213 127.217878 
0.027000 0.020000 0.780000 780 303 230343.617597 0.303000 760.209959 0.388462 38536.118495 127.181909 
0.027000 0.020000 0.780000 780 294 222361.875120 0.294000 756.332909 0.376923 38134.417415 129.708903 
0.027000 0.020000 0.780000 780 328 214334.282124 0.328000 653.458177 0.420513 40141.385961 122.382274 
0.027000 0.020000 0.780000 780 319 220892.871993 0.319000 692.454144 0.408974 39393.230844 123.489752 
0.027000 0.020000 0.780000 780 312 230593.743553 0.312000 739.082511 0.400000 38040.157043 121.923580 
0.027000 0.020000 0.780000 780 325 216895.087950 0.325000 667.369501 0.416667 39778.860542 122.396494 
0.027000 0.020000 0.780000 780 337 228051.318115 0.337000 676.710143 0.432051 40661.330498 120.656767 
0.027000 0.020000 0.780000 780 322 219228.319405 0.322000 680.833290 0.412821 39629.771989 123.073826 
0.028000 0.020000 0.816000 816 323 242430.494431 0.323000 750.558806 0.395833 39757.252762 123.087470 
0.028000 0.020000 0.816000 816 314 214278.078043 0.314000 682.414261 0.384804 39119.862055 124.585548 
0.028000 0.020000 0.816000 816 325 224779.372052 0.325000 691.628837 0.398284 39599.029890 121.843169 
0.028000 0.020000 0.816000 816 331 226589.175800 0.331000 684.559444 0.405637 40579.373699 122.596295 
0.028000 0.020000 0.816000 816 334 222527.226492 0.334000 666.249181 0.409314 40201.126220 120.362653 
0.028000 0.020000 0.816000 816 327 237749.370004 0.327000 727.062294 0.400735 39114.008865 119.614706 
0.028000 0.020000 0.816000 816 311 231927.221936 0.311000 745.746694 0.381127 38790.608353 124.728644 
0.028000 0.020000 0.816000 816 305 226242.009074 0.305000 741.777079 0.373775 37262.995873 122.173757 
0.028000 0.020000 0.816000 816 328 230155.431144 0.328000 701.693388 0.401961 40459.794458 123.353032 
0.028000 0.020000 0.816000 816 327 202477.253769 0.327000 619.196495 0.400735 39696.752233 121.396796 
0.029000 0.020000 0.840000 840 341 230973.995385 0.341000 677.343095 0.405952 40301.044119 118.184880 
0.029000 0.020000 0.840000 840 301 223577.371553 0.301000 742.781965 0.358333 37976.834123 126.168884 
0.029000 0.020000 0.840000 840 324 233504.706664 0.324000 720.693539 0.385714 39758.942725 122.712786 
0.029000 0.020000 0.840000 840 331 226639.979901 0.331000 684.712930 0.394048 40166.318162 121.348393 
0.029000 0.020000 0.840000 840 290 227022.619886 0.290000 782.836620 0.345238 37923.300019 130.770000 
0.029000 0.020000 0.840000 840 305 225126.188260 0.305000 738.118650 0.363095 38152.269526 125.089408 
0.029000 0.020000 0.840000 840 333 236329.502038 0.333000 709.698204 0.396429 40155.941126 120.588412 
0.029000 0.020000 0.840000 840 312 231662.168489 0.312000 742.506950 0.371429 38632.616676 123.822489 
0.029000 0.020000 0.840000 840 315 217385.016418 0.315000 690.111163 0.375000 39329.602032 124.855879 
0.029000 0.020000 0.840000 840 320 221814.239923 0.320000 693.169500 0.380952 39297.878850 122.805871 
0.030000 0.020000 0.864000 864 341 244008.905321 0.341000 715.568637 0.394676 40897.500743 119.934020 
0.030000 0.020000 0.864000 864 320 239835.554856 0.320000 749.486109 0.370370 39618.900944 123.809065 
0.030000 0.020000 0.864000 864 336 236525.518922 0.336000 703.944997 0.388889 40420.530455 120.299198 
0.030000 0.020000 0.864000 864 296 230854.623172 0.296000 779.914267 0.342593 37871.479657 127.944188 
0.030000 0.020000 0.864000 864 302 232446.914273 0.302000 769.691769 0.349537 37924.370658 125.577386 
0.030000 0.020000 0.864000 864 327 232273.905055 0.327000 710.317752 0.378472 38964.020917 119.156027 
0.030000 0.020000 0.864000 864 326 240862.129217 0.326000 738.840887 0.377315 39946.065840 122.533944 
0.030000 0.020000 0.864000 864 316 248426.411992 0.316000 786.159532 0.365741 39046.724969 123.565585 
0.030000 0.020000 0.864000 864 296 212989.507826 0.296000 719.559148 0.342593 37085.647427 125.289349 
0.030000 0.020000 0.864000 864 309 223294.361049 0.309000 722.635473 0.357639 38664.390217 125.127476 
