0.001000 0.020000 0.032000 32 32 1058.001292 0.032000 33.062540 1.000000 12203.897878 381.371809 
0.001000 0.020000 0.032000 32 29 928.164373 0.029000 32.005668 0.906250 12643.674415 435.988773 
0.001000 0.020000 0.032000 32 29 889.337475 0.029000 30.666809 0.906250 12624.900608 435.341400 
0.001000 0.020000 0.032000 32 31 1123.559238 0.031000 36.243846 0.968750 12598.353984 406.398516 
0.001000 0.020000 0.032000 32 28 784.192172 0.028000 28.006863 0.875000 13630.778632 486.813523 
0.001000 0.020000 0.032000 32 29 1027.715270 0.029000 35.438458 0.906250 13230.203711 456.213921 
0.001000 0.020000 0.032000 32 29 904.443403 0.029000 31.187704 0.906250 12934.602956 446.020792 
0.001000 0.020000 0.032000 32 29 868.861043 0.029000 29.960726 0.906250 12932.108864 445.934788 
0.001000 0.020000 0.032000 32 32 859.919744 0.032000 26.872492 1.000000 12389.540458 387.173139 
0.001000 0.020000 0.032000 32 29 842.880343 0.029000 29.064839 0.906250 12827.474785 442.326717 
0.002000 0.020000 0.053000 53 48 1233.485013 0.048000 25.697604 0.905660 15565.110004 324.273125 
0.002000 0.020000 0.054000 54 49 1202.034407 0.049000 24.531314 0.907407 15533.871745 317.017791 
0.002000 0.020000 0.053000 53 50 1280.562414 0.050000 25.611248 0.943396 15785.453288 315.709066 
0.002000 0.020000 0.054000 54 48 1400.655007 0.048000 29.180313 0.888889 15884.271916 330.922332 
0.002000 0.020000 0.053000 53 48 1324.435343 0.048000 27.592403 0.905660 15887.299583 330.985408 
0.002000 0.020000 0.054000 54 49 1179.622189 0.049000 24.073922 0.907407 16009.764093 326.729879 
0.002000 0.020000 0.053000 53 52 1455.884481 0.052000 27.997778 0.981132 15201.893261 292.344101 
0.002000 0.020000 0.054000 54 45 1002.054142 0.045000 22.267870 0.833333 16568.274794 368.183884 
0.002000 0.020000 0.053000 53 51 1176.144275 0.051000 23.061652 0.962264 15231.065906 298.648351 
0.002000 0.020000 0.053000 53 47 1298.932716 0.047000 27.636866 0.886792 15677.293641 333.559439 
0.003000 0.020000 0.080000 80 78 1658.198401 0.078000 21.258954 0.975000 18279.620713 234.354112 
0.003000 0.020000 0.080000 80 75 1573.275165 0.075000 20.977002 0.937500 18531.503180 247.086709 
0.003000 0.020000 0.080000 80 77 1906.063970 0.077000 24.754078 0.962500 18493.536456 240.175798 
0.003000 0.020000 0.080000 80 74 1652.428343 0.074000 22.330113 0.925000 18470.870448 249.606357 
0.003000 0.020000 0.080000 80 74 1500.212055 0.074000 20.273136 0.925000 18698.040876 252.676228 
0.003000 0.020000 0.080000 80 77 1540.007909 0.077000 20.000103 0.962500 18048.250077 234.392858 
0.003000 0.020000 0.080000 80 77 1940.634991 0.077000 25.203052 0.962500 18187.531120 236.201703 
0.003000 0.020000 0.080000 80 75 1613.060548 0.075000 21.507474 0.937500 18795.577241 250.607697 
0.003000 0.020000 0.080000 80 75 1681.331036 0.075000 22.417747 0.937500 18294.475866 243.926345 
0.003000 0.020000 0.080000 80 74 1568.134441 0.074000 21.191006 0.925000 18943.722452 255.996249 
0.004000 0.020000 0.103000 103 96 2373.762298 0.096000 24.726691 0.932039 21700.559266 226.047492 
0.004000 0.020000 0.102000 102 89 1950.670662 0.089000 21.917648 0.872549 23019.730704 258.648660 
0.004000 0.020000 0.103000 103 94 1966.425828 0.094000 20.919424 0.912621 21375.112319 227.394812 
0.004000 0.020000 0.103000 103 93 2239.889598 0.093000 24.084834 0.902913 22095.031492 237.580984 
0.004000 0.020000 0.103000 103 99 2480.382576 0.099000 25.054369 0.961165 21324.868069 215.402708 
0.004000 0.020000 0.103000 103 92 2144.533300 0.092000 23.310145 0.893204 22154.636327 240.811264 
0.004000 0.020000 0.103000 103 96 2336.911170 0.096000 24.342825 0.932039 21561.688581 224.600923 
0.004000 0.020000 0.103000 103 94 2427.726415 0.094000 25.826877 0.912621 22484.382147 239.195555 
0.004000 0.020000 0.103000 103 95 2475.790024 0.095000 26.060948 0.922330 21830.046150 229.789959 
0.004000 0.020000 0.103000 103 96 2104.003537 0.096000 21.916704 0.932039 21472.209405 223.668848 
0.005000 0.020000 0.129000 129 119 2698.770393 0.119000 22.678743 0.922481 24994.862267 210.040859 
0.005000 0.020000 0.128000 128 118 2996.581796 0.118000 25.394761 0.921875 25347.025168 214.805298 
0.005000 0.020000 0.128000 128 115 2404.061626 0.115000 20.904884 0.898438 24978.549642 217.204779 
0.005000 0.020000 0.128000 128 114 2272.800476 0.114000 19.936846 0.890625 26035.819258 228.384379 
0.005000 0.020000 0.128000 128 118 2773.997332 0.118000 23.508452 0.921875 25159.611142 213.217044 
0.005000 0.020000 0.129000 129 116 2714.682705 0.116000 23.402437 0.899225 26001.423513 224.150203 
0.005000 0.020000 0.129000 129 118 2640.890997 0.118000 22.380432 0.914729 25378.687874 215.073626 
0.005000 0.020000 0.129000 129 117 2864.312685 0.117000 24.481305 0.906977 24582.255730 210.104750 
0.005000 0.020000 0.129000 129 118 2853.265000 0.118000 24.180212 0.914729 25787.366196 218.537002 
0.005000 0.020000 0.129000 129 114 2576.263505 0.114000 22.598803 0.883721 25649.231156 224.993256 
0.006000 0.020000 0.152000 152 142 2988.355651 0.142000 21.044758 0.934211 29523.695010 207.913345 
0.006000 0.020000 0.152000 152 140 2677.556229 0.140000 19.125402 0.921053 28526.759353 203.762567 
0.006000 0.020000 0.152000 152 140 2899.225956 0.140000 20.708757 0.921053 28958.377201 206.845551 
0.006000 0.020000 0.152000 152 134 3415.470062 0.134000 25.488583 0.881579 29746.968417 221.992302 
0.006000 0.020000 0.152000 152 143 3173.728428 0.143000 22.193905 0.940789 28203.739602 197.228948 
0.006000 0.020000 0.153000 153 144 3190.815166 0.144000 22.158439 0.941176 28593.248915 198.564229 
0.006000 0.020000 0.153000 153 144 3206.885592 0.144000 22.270039 0.941176 27567.112950 191.438284 
0.006000 0.020000 0.152000 152 147 2873.851426 0.147000 19.550010 0.967105 26495.251584 180.239807 
0.006000 0.020000 0.153000 153 145 3069.260251 0.145000 21.167312 0.947712 28632.203732 197.463474 
0.006000 0.020000 0.152000 152 140 3265.297499 0.140000 23.323554 0.921053 28748.997789 205.349984 
0.007000 0.020000 0.178000 178 164 4889.248031 0.164000 29.812488 0.921348 32509.193382 198.226789 
0.007000 0.020000 0.180000 180 155 5108.594243 0.155000 32.958673 0.861111 34337.417730 221.531727 
0.007000 0.020000 0.178000 178 159 4493.488649 0.159000 28.260935 0.893258 33368.326883 209.863691 
0.007000 0.020000 0.179000 179 162 3531.888088 0.162000 21.801778 0.905028 32282.663963 199.275703 
0.007000 0.020000 0.177000 177 159 4367.996726 0.159000 27.471678 0.898305 32830.139371 206.478864 
0.007000 0.020000 0.179000 179 161 3415.932109 0.161000 21.216970 0.899441 32755.265964 203.448857 
0.007000 0.020000 0.179000 179 164 3796.280901 0.164000 23.148054 0.916201 32117.676620 195.839492 
0.007000 0.020000 0.178000 178 167 4277.098449 0.167000 25.611368 0.938202 32321.434452 193.541524 
0.007000 0.020000 0.178000 178 157 5947.079653 0.157000 37.879488 0.882022 33397.138748 212.720629 
0.007000 0.020000 0.178000 178 159 4049.811983 0.159000 25.470516 0.893258 33025.000792 207.704407 
0.008000 0.020000 0.203000 203 182 7160.615699 0.182000 39.344042 0.896552 36236.251038 199.100280 
0.008000 0.020000 0.203000 203 191 5372.083380 0.191000 28.126091 0.940887 34467.395329 180.457567 
0.008000 0.020000 0.202000 202 177 5758.539041 0.177000 32.534119 0.876238 37039.546667 209.262976 
0.008000 0.020000 0.203000 203 185 4150.603827 0.185000 22.435696 0.911330 35290.068742 190.757128 
0.008000 0.020000 0.202000 202 176 4066.925953 0.176000 23.107534 0.871287 36212.775592 205.754407 
0.008000 0.020000 0.203000 203 187 4970.078715 0.187000 26.577961 0.921182 35433.657785 189.484801 
0.008000 0.020000 0.202000 202 179 5819.544864 0.179000 32.511424 0.886139 36309.325893 202.845396 
0.008000 0.020000 0.201000 201 176 7082.751257 0.176000 40.242905 0.875622 38003.507599 215.929020 
0.008000 0.020000 0.203000 203 188 6202.346770 0.188000 32.991206 0.926108 37224.779877 198.004148 
0.008000 0.020000 0.202000 202 176 7584.590409 0.176000 43.094264 0.871287 38560.438353 219.093400 
0.009000 0.020000 0.226000 226 201 7263.709526 0.201000 36.137858 0.889381 39565.492761 196.843248 
0.009000 0.020000 0.224000 224 208 5505.122329 0.208000 26.466934 0.928571 38306.743902 184.167038 
0.009000 0.020000 0.225000 225 203 7051.668196 0.203000 34.737282 0.902222 38291.542471 188.628288 
0.009000 0.020000 0.223000 223 200 7040.288688 0.200000 35.201443 0.896861 39308.925707 196.544629 
0.009000 0.020000 0.226000 226 207 7296.926304 0.207000 35.250852 0.915929 38771.654907 187.302681 
0.009000 0.020000 0.227000 227 195 8400.399144 0.195000 43.078970 0.859031 39689.057487 203.533628 
0.009000 0.020000 0.223000 223 197 8884.134661 0.197000 45.097130 0.883408 39813.768674 202.100349 
0.009000 0.020000 0.226000 226 203 9517.023627 0.203000 46.881890 0.898230 39291.871489 193.556017 
0.009000 0.020000 0.227000 227 201 8332.627409 0.201000 41.455858 0.885463 40717.459746 202.574427 
0.009000 0.020000 0.227000 227 193 10662.847357 0.193000 55.247914 0.850220 39546.180005 204.902487 
0.010000 0.020000 0.249000 249 211 10753.935274 0.211000 50.966518 0.847390 42585.132969 201.825275 
0.010000 0.020000 0.248000 248 206 10783.815469 0.206000 52.348619 0.830645 45258.509953 219.701505 
0.010000 0.020000 0.247000 247 219 14241.160429 0.219000 65.028130 0.886640 44600.324748 203.654451 
0.010000 0.020000 0.247000 247 199 10083.533045 0.199000 50.671020 0.805668 42505.469849 213.595326 
0.010000 0.020000 0.250000 250 212 13020.660429 0.212000 61.418210 0.848000 44178.854424 208.390823 
0.010000 0.020000 0.249000 249 219 12223.139791 0.219000 55.813424 0.879518 43900.481168 200.458818 
0.010000 0.020000 0.249000 249 218 9754.021843 0.218000 44.743219 0.875502 44572.989086 204.463253 
0.010000 0.020000 0.247000 247 208 10499.901698 0.208000 50.480297 0.842105 46015.421894 221.227990 
0.010000 0.020000 0.248000 248 204 10589.663685 0.204000 51.910116 0.822581 43836.140934 214.883044 
0.010000 0.020000 0.248000 248 203 9113.722043 0.203000 44.895182 0.818548 42387.479106 208.805316 
0.011000 0.020000 0.279000 279 232 16373.577658 0.232000 70.575766 0.831541 47475.359121 204.635169 
0.011000 0.020000 0.279000 279 232 14653.724599 0.232000 63.162606 0.831541 46933.618175 202.300078 
0.011000 0.020000 0.280000 280 224 14217.477335 0.224000 63.470881 0.800000 47782.194844 213.313370 
0.011000 0.020000 0.277000 277 230 13375.120691 0.230000 58.152699 0.830325 48692.374641 211.705977 
0.011000 0.020000 0.275000 275 217 14480.714007 0.217000 66.731401 0.789091 50276.863913 231.690617 
0.011000 0.020000 0.278000 278 235 14252.286669 0.235000 60.648028 0.845324 46048.812262 195.952393 
0.011000 0.020000 0.276000 276 228 16537.292811 0.228000 72.531986 0.826087 50950.600068 223.467544 
0.011000 0.020000 0.280000 280 227 12905.681736 0.227000 56.853224 0.810714 46740.620732 205.905818 
0.011000 0.020000 0.278000 278 236 14050.654764 0.236000 59.536673 0.848921 48282.274905 204.585911 
0.011000 0.020000 0.280000 280 233 9251.700007 0.233000 39.706867 0.832143 47379.939731 203.347381 
0.012000 0.020000 0.297000 297 232 14863.159517 0.232000 64.065343 0.781145 47564.582532 205.019752 
0.012000 0.020000 0.297000 297 249 18196.473388 0.249000 73.078206 0.838384 49745.429056 199.780840 
0.012000 0.020000 0.299000 299 239 18613.511401 0.239000 77.880801 0.799331 50175.252929 209.938297 
0.012000 0.020000 0.297000 297 240 16857.197793 0.240000 70.238324 0.808081 51580.726034 214.919692 
0.012000 0.020000 0.300000 300 220 20121.118506 0.220000 91.459630 0.733333 49878.769263 226.721678 
0.012000 0.020000 0.298000 298 223 14850.306098 0.223000 66.593301 0.748322 47706.898769 213.932281 
0.012000 0.020000 0.298000 298 233 15358.417915 0.233000 65.915957 0.781879 49477.423480 212.349457 
0.012000 0.020000 0.297000 297 257 13798.463133 0.257000 53.690518 0.865320 50844.649792 197.839104 
0.012000 0.020000 0.300000 300 231 16098.040992 0.231000 69.688489 0.770000 51299.957636 222.077739 
0.012000 0.020000 0.300000 300 240 24580.478794 0.240000 102.418662 0.800000 51264.327308 213.601364 
0.013000 0.020000 0.324000 324 252 30442.538013 0.252000 120.803722 0.777778 54179.001490 214.996038 
0.013000 0.020000 0.325000 325 251 20604.256828 0.251000 82.088673 0.772308 50423.400494 200.890042 
0.013000 0.020000 0.324000 324 268 24885.503470 0.268000 92.856356 0.827160 50269.721402 187.573587 
0.013000 0.020000 0.325000 325 260 20655.339841 0.260000 79.443615 0.800000 52971.600052 203.736923 
0.013000 0.020000 0.325000 325 260 27699.112659 0.260000 106.535049 0.800000 52024.526424 200.094332 
0.013000 0.020000 0.324000 324 250 20527.668749 0.250000 82.110675 0.771605 51903.791139 207.615165 
0.013000 0.020000 0.324000 324 241 33178.756473 0.241000 137.671189 0.743827 53572.467335 222.292396 
0.013000 0.020000 0.323000 323 255 22382.101503 0.255000 87.772947 0.789474 51953.878043 203.740698 
0.013000 0.020000 0.325000 325 258 21656.409069 0.258000 83.939570 0.793846 55824.452845 216.373848 
0.013000 0.020000 0.326000 326 251 20952.893247 0.251000 83.477662 0.769939 53135.514982 211.695279 
0.014000 0.020000 0.348000 348 262 20118.099760 0.262000 76.786640 0.752874 52930.481953 202.024740 
0.014000 0.020000 0.347000 347 264 30931.975019 0.264000 117.166572 0.760807 52288.614870 198.062935 
0.014000 0.020000 0.349000 349 265 24890.660633 0.265000 93.927021 0.759312 54758.940143 206.637510 
0.014000 0.020000 0.347000 347 240 32759.558034 0.240000 136.498158 0.691643 54237.542130 225.989759 
0.014000 0.020000 0.347000 347 251 19982.684311 0.251000 79.612288 0.723343 55260.294198 220.160535 
0.014000 0.020000 0.348000 348 267 21008.026054 0.267000 78.681746 0.767241 55982.544385 209.672451 
0.014000 0.020000 0.348000 348 264 21994.677997 0.264000 83.313174 0.758621 56025.054078 212.216114 
0.014000 0.020000 0.349000 349 251 39709.584610 0.251000 158.205516 0.719198 55167.990699 219.792792 
0.014000 0.020000 0.346000 346 269 22919.333556 0.269000 85.201983 0.777457 54972.556280 204.358945 
0.014000 0.020000 0.348000 348 272 14956.253697 0.272000 54.986227 0.781609 52754.971951 193.952103 
0.015000 0.020000 0.371000 371 272 30868.253600 0.272000 113.486226 0.733154 56399.788406 207.352163 
0.015000 0.020000 0.369000 369 277 24980.343216 0.277000 90.181744 0.750678 56682.774329 204.630954 
0.015000 0.020000 0.370000 370 249 31781.243322 0.249000 127.635515 0.672973 57029.184953 229.032871 
0.015000 0.020000 0.370000 370 229 30606.716932 0.229000 133.653786 0.618919 54494.718366 237.968202 
0.015000 0.020000 0.368000 368 263 26474.860320 0.263000 100.664868 0.714674 57533.928600 218.760185 
0.015000 0.020000 0.368000 368 265 33894.609407 0.265000 127.904186 0.720109 56398.520843 212.824607 
0.015000 0.020000 0.370000 370 283 37352.271419 0.283000 131.986825 0.764865 56874.891924 200.971350 
0.015000 0.020000 0.370000 370 270 35331.596571 0.270000 130.857765 0.729730 58185.233808 215.500866 
0.015000 0.020000 0.370000 370 255 27258.557495 0.255000 106.896304 0.689189 59183.393525 232.091739 
0.015000 0.020000 0.370000 370 259 34184.393796 0.259000 131.986076 0.700000 54782.610044 211.515869 
0.016000 0.020000 0.394000 394 255 46822.307654 0.255000 183.616893 0.647208 58002.624118 227.461271 
0.016000 0.020000 0.392000 392 278 36894.872237 0.278000 132.715368 0.709184 58358.895304 209.924084 
0.016000 0.020000 0.394000 394 267 32291.095330 0.267000 120.940432 0.677665 55145.258494 206.536549 
0.016000 0.020000 0.394000 394 276 28145.295826 0.276000 101.975710 0.700508 59076.191183 214.044171 
0.016000 0.020000 0.394000 394 270 41848.302998 0.270000 154.993715 0.685279 59002.888976 218.529218 
0.016000 0.020000 0.394000 394 279 45088.477535 0.279000 161.607446 0.708122 56720.263992 203.298437 
0.016000 0.020000 0.395000 395 279 28166.303066 0.279000 100.954491 0.706329 56647.708981 203.038383 
0.016000 0.020000 0.395000 395 266 35037.739853 0.266000 131.720827 0.673418 55422.664526 208.355882 
0.016000 0.020000 0.396000 396 270 32380.630109 0.270000 119.928260 0.681818 59867.512399 221.731527 
0.016000 0.020000 0.393000 393 292 41376.455916 0.292000 141.700191 0.743003 58956.784150 201.906795 
0.017000 0.020000 0.421000 421 277 44175.485255 0.277000 159.478286 0.657957 60600.154370 218.773120 
0.017000 0.020000 0.418000 418 278 40321.890993 0.278000 145.042773 0.665072 60420.580245 217.340217 
0.017000 0.020000 0.418000 418 258 38620.663442 0.258000 149.692494 0.617225 56155.897178 217.658516 
0.017000 0.020000 0.420000 420 281 50674.830366 0.281000 180.337475 0.669048 59032.096214 210.078634 
0.017000 0.020000 0.417000 417 282 47789.369445 0.282000 169.465849 0.676259 57975.847990 205.588113 
0.017000 0.020000 0.421000 421 309 34547.705126 0.309000 111.804871 0.733967 59713.898488 193.248862 
0.017000 0.020000 0.418000 418 267 31402.386432 0.267000 117.611934 0.638756 56407.339209 211.263443 
0.017000 0.020000 0.417000 417 293 31034.143985 0.293000 105.918580 0.702638 58559.613680 199.862163 
0.017000 0.020000 0.418000 418 266 42768.629791 0.266000 160.784323 0.636364 57746.880033 217.093534 
0.017000 0.020000 0.422000 422 286 38882.462965 0.286000 135.952668 0.677725 61206.047806 214.007160 
0.018000 0.020000 0.442000 442 270 55432.092651 0.270000 205.304047 0.610860 61608.247550 228.178695 
0.018000 0.020000 0.447000 447 297 43782.786802 0.297000 147.416791 0.664430 62518.061817 210.498525 
0.018000 0.020000 0.446000 446 307 33495.837598 0.307000 109.106963 0.688341 56866.621058 185.233293 
0.018000 0.020000 0.446000 446 271 57468.677636 0.271000 212.061541 0.607623 55782.678326 205.840141 
0.018000 0.020000 0.444000 444 291 49728.324321 0.291000 170.887712 0.655405 59574.933414 204.724857 
0.018000 0.020000 0.445000 445 301 48884.408063 0.301000 162.406671 0.676404 62687.056109 208.262645 
0.018000 0.020000 0.440000 440 305 47303.453122 0.305000 155.093289 0.693182 61246.352307 200.807712 
0.018000 0.020000 0.445000 445 294 42814.300980 0.294000 145.626874 0.660674 60637.869618 206.251257 
0.018000 0.020000 0.444000 444 266 48570.987816 0.266000 182.597699 0.599099 59684.493873 224.377797 
0.018000 0.020000 0.444000 444 276 53237.716104 0.276000 192.890276 0.621622 61811.845955 223.955964 
0.019000 0.020000 0.469000 469 288 43450.218622 0.288000 150.868815 0.614072 64898.850002 225.343229 
0.019000 0.020000 0.463000 463 297 59095.051445 0.297000 198.973237 0.641469 62269.464666 209.661497 
0.019000 0.020000 0.466000 466 272 47700.161028 0.272000 175.368239 0.583691 57924.718044 212.958522 
0.019000 0.020000 0.465000 465 286 68395.762097 0.286000 239.146021 0.615054 60775.567285 212.501984 
0.019000 0.020000 0.466000 466 288 39113.444920 0.288000 135.810573 0.618026 63083.594219 219.040258 
0.019000 0.020000 0.465000 465 297 63022.772936 0.297000 212.197889 0.638710 61563.343838 207.283986 
0.019000 0.020000 0.464000 464 288 52577.531954 0.288000 182.560875 0.620690 62494.679931 216.995416 
0.019000 0.020000 0.469000 469 298 64313.497185 0.298000 215.817105 0.635394 61063.260594 204.910270 
0.019000 0.020000 0.466000 466 305 37680.017053 0.305000 123.541040 0.654506 61363.338364 201.191273 
0.019000 0.020000 0.465000 465 292 60455.976610 0.292000 207.041016 0.627957 59245.188244 202.894480 
0.020000 0.020000 0.484000 484 307 50519.417721 0.307000 164.558364 0.634298 62825.334449 204.642783 
0.020000 0.020000 0.490000 490 318 40894.088665 0.318000 128.597763 0.648980 61925.988477 194.735813 
0.020000 0.020000 0.489000 489 285 52264.870495 0.285000 183.385511 0.582822 61592.824941 216.115175 
0.020000 0.020000 0.487000 487 313 43865.726031 0.313000 140.146090 0.642710 62396.558043 199.350026 
0.020000 0.020000 0.485000 485 286 73701.055448 0.286000 257.695998 0.589691 63567.492521 222.263960 
0.020000 0.020000 0.492000 492 302 37963.256626 0.302000 125.706148 0.613821 63288.369946 209.564139 
0.020000 0.020000 0.489000 489 291 62951.153723 0.291000 216.326989 0.595092 61911.249163 212.753434 
0.020000 0.020000 0.493000 493 307 45275.702648 0.307000 147.477859 0.622718 64492.718970 210.074003 
0.020000 0.020000 0.493000 493 274 72061.650216 0.274000 262.998723 0.555781 64763.019078 236.361383 
0.020000 0.020000 0.493000 493 311 85266.004526 0.311000 274.167217 0.630832 64374.689676 206.992571 
0.021000 0.020000 0.516000 516 319 73003.402005 0.319000 228.850790 0.618217 65053.592038 203.929756 
0.021000 0.020000 0.515000 515 291 61698.371967 0.291000 212.021897 0.565049 60839.680993 209.071069 
0.021000 0.020000 0.514000 514 304 70276.843520 0.304000 231.173827 0.591440 60047.030969 197.523128 
0.021000 0.020000 0.519000 519 299 78996.838080 0.299000 264.203472 0.576108 63144.462004 211.185492 
0.021000 0.020000 0.518000 518 300 77071.859200 0.300000 256.906197 0.579151 64071.584765 213.571949 
0.021000 0.020000 0.513000 513 323 57438.240107 0.323000 177.827369 0.629630 62855.981862 194.600563 
0.021000 0.020000 0.518000 518 304 60086.328912 0.304000 197.652398 0.586873 61050.296978 200.823345 
0.021000 0.020000 0.511000 511 290 53821.004623 0.290000 185.589671 0.567515 65142.288550 224.628581 
0.021000 0.020000 0.512000 512 257 70011.870075 0.257000 272.419728 0.501953 62862.818692 244.602407 
0.021000 0.020000 0.515000 515 291 61178.015155 0.291000 210.233729 0.565049 58444.159879 200.839037 
0.022000 0.020000 0.540000 540 284 51798.463004 0.284000 182.388954 0.525926 62387.035503 219.672660 
0.022000 0.020000 0.532000 532 297 52382.694908 0.297000 176.372710 0.558271 65974.369057 222.135923 
0.022000 0.020000 0.536000 536 323 58340.300185 0.323000 180.620124 0.602612 64516.011511 199.739974 
0.022000 0.020000 0.539000 539 257 58825.328163 0.257000 228.892327 0.476809 60560.496782 235.643956 
0.022000 0.020000 0.537000 537 316 52976.860518 0.316000 167.648293 0.588454 61618.493418 194.995232 
0.022000 0.020000 0.543000 543 301 53127.707747 0.301000 176.504012 0.554328 65870.243439 218.838018 
0.022000 0.020000 0.537000 537 299 70253.361271 0.299000 234.961074 0.556797 63725.285324 213.128045 
0.022000 0.020000 0.541000 541 289 64911.392763 0.289000 224.606895 0.534196 63172.000786 218.588238 
0.022000 0.020000 0.539000 539 287 62213.654944 0.287000 216.772317 0.532468 62265.780868 216.953940 
0.022000 0.020000 0.539000 539 302 64680.243804 0.302000 214.172993 0.560297 63110.427881 208.974927 
0.023000 0.020000 0.562000 562 290 72093.316827 0.290000 248.597644 0.516014 63815.731531 220.054247 
0.023000 0.020000 0.567000 567 297 88469.058986 0.297000 297.875619 0.523810 64535.003954 217.289576 
0.023000 0.020000 0.569000 569 303 70179.904249 0.303000 231.616846 0.532513 62095.496689 204.935633 
0.023000 0.020000 0.566000 566 286 64029.144578 0.286000 223.878128 0.505300 62888.993179 219.891585 
0.023000 0.020000 0.565000 565 303 56592.992296 0.303000 186.775552 0.536283 60392.776371 199.316094 
0.023000 0.020000 0.566000 566 323 69737.126449 0.323000 215.904416 0.570671 63617.023178 196.956728 
0.023000 0.020000 0.564000 564 286 75797.930945 0.286000 265.027731 0.507092 62548.769239 218.701990 
0.023000 0.020000 0.571000 571 304 52901.137626 0.304000 174.016900 0.532399 63982.704486 210.469423 
0.023000 0.020000 0.567000 567 288 61888.004863 0.288000 214.888906 0.507937 63087.157341 219.052630 
0.023000 0.020000 0.565000 565 271 49120.670273 0.271000 181.257086 0.479646 63007.244118 232.499056 
0.024000 0.020000 0.584000 584 302 61494.600906 0.302000 203.624506 0.517123 63822.131389 211.331561 
0.024000 0.020000 0.591000 591 304 64001.849099 0.304000 210.532398 0.514382 65179.007022 214.404628 
0.024000 0.020000 0.588000 588 301 49987.492669 0.301000 166.071404 0.511905 62773.870023 208.551063 
0.024000 0.020000 0.586000 586 295 69301.651432 0.295000 234.920852 0.503413 67326.224610 228.224490 
0.024000 0.020000 0.593000 593 324 78763.115648 0.324000 243.096036 0.546374 66177.755347 204.252331 
0.024000 0.020000 0.593000 593 290 90506.389760 0.290000 312.090999 0.489039 62099.877816 214.137510 
0.024000 0.020000 0.590000 590 347 67978.787834 0.347000 195.904288 0.588136 63046.846539 181.691200 
0.024000 0.020000 0.591000 591 321 78620.033123 0.321000 244.922222 0.543147 64023.451963 199.450006 
0.024000 0.020000 0.582000 582 328 82910.291348 0.328000 252.775278 0.563574 66502.606983 202.751851 
0.024000 0.020000 0.584000 584 300 65267.452007 0.300000 217.558173 0.513699 64816.215680 216.054052 
0.025000 0.020000 0.612000 612 283 73654.341563 0.283000 260.262691 0.462418 64524.366464 228.001295 
0.025000 0.020000 0.608000 608 303 69519.391094 0.303000 229.436934 0.498355 65066.785919 214.741868 
0.025000 0.020000 0.613000 613 314 89239.295388 0.314000 284.201578 0.512235 64227.135040 204.545016 
0.025000 0.020000 0.611000 611 290 63771.593984 0.290000 219.902048 0.474632 62871.004496 216.796567 
0.025000 0.020000 0.613000 613 316 63257.980156 0.316000 200.183482 0.515498 65744.920491 208.053546 
0.025000 0.020000 0.604000 604 284 64154.255619 0.284000 225.895266 0.470199 63101.291955 222.187648 
0.025000 0.020000 0.617000 617 303 88387.991974 0.303000 291.709544 0.491086 62831.178824 207.363626 
0.025000 0.020000 0.613000 613 287 69157.571814 0.287000 240.967149 0.468189 61650.027134 214.808457 
0.025000 0.020000 0.609000 609 300 73361.857398 0.300000 244.539525 0.492611 61915.311539 206.384372 
0.025000 0.020000 0.608000 608 292 61625.908471 0.292000 211.047632 0.480263 62103.793558 212.684225 
0.026000 0.020000 0.634000 634 306 83738.722678 0.306000 273.655956 0.482650 66939.506623 218.756558 
0.026000 0.020000 0.637000 637 319 97978.207923 0.319000 307.141718 0.500785 65129.696924 204.168329 
0.026000 0.020000 0.633000 633 330 64398.358679 0.330000 195.146541 0.521327 68880.109107 208.727603 
0.026000 0.020000 0.629000 629 321 83616.601782 0.321000 260.487856 0.510334 61414.107378 191.321207 
0.026000 0.020000 0.627000 627 322 77140.083264 0.322000 239.565476 0.513557 65373.102298 203.022057 
0.026000 0.020000 0.637000 637 295 68021.680388 0.295000 230.581967 0.463108 67205.823870 227.816352 
0.026000 0.020000 0.642000 642 304 90933.952249 0.304000 299.124843 0.473520 65345.141429 214.951123 
0.026000 0.020000 0.635000 635 292 82586.769467 0.292000 282.831402 0.459843 64852.029811 222.095993 
0.026000 0.020000 0.639000 639 302 85083.821580 0.302000 281.734509 0.472613 67107.733154 222.211037 
0.026000 0.020000 0.631000 631 303 84442.898041 0.303000 278.689432 0.480190 67819.242754 223.825884 
0.027000 0.020000 0.661000 661 294 69972.120473 0.294000 238.000410 0.444781 65485.537208 222.739922 
0.027000 0.020000 0.659000 659 340 94917.441358 0.340000 279.168945 0.515933 67088.470921 197.319032 
0.027000 0.020000 0.658000 658 347 88330.991018 0.347000 254.556170 0.527356 64765.300385 186.643517 
0.027000 0.020000 0.653000 653 346 71947.962288 0.346000 207.942088 0.529862 68888.520537 199.099770 
0.027000 0.020000 0.656000 656 316 86022.667052 0.316000 272.223630 0.481707 67125.505367 212.422485 
0.027000 0.020000 0.653000 653 328 100087.771540 0.328000 305.145645 0.502297 67660.937541 206.283346 
0.027000 0.020000 0.653000 653 297 66217.962041 0.297000 222.956101 0.454824 67777.572561 228.207315 
0.027000 0.020000 0.659000 659 272 74245.586338 0.272000 272.961714 0.412747 67613.211480 248.577983 
0.027000 0.020000 0.657000 657 333 96547.730421 0.333000 289.933124 0.506849 66568.428697 199.905191 
0.027000 0.020000 0.660000 660 338 60496.490580 0.338000 178.983700 0.512121 68541.570597 202.785712 
0.028000 0.020000 0.681000 681 308 76895.032879 0.308000 249.659198 0.452276 65272.257043 211.922912 
0.028000 0.020000 0.688000 688 304 71184.481968 0.304000 234.159480 0.441860 64330.821116 211.614543 
0.028000 0.020000 0.686000 686 313 86345.002845 0.313000 275.862629 0.456268 66704.702466 213.114065 
0.028000 0.020000 0.684000 684 337 89047.109169 0.337000 264.234745 0.492690 61865.971243 183.578550 
0.028000 0.020000 0.682000 682 338 80494.902224 0.338000 238.150598 0.495601 69089.288801 204.406180 
0.028000 0.020000 0.683000 683 305 78167.037690 0.305000 256.285369 0.446559 67512.283563 221.351749 
0.028000 0.020000 0.684000 684 258 81381.383533 0.258000 315.431719 0.377193 67567.290748 261.888724 
0.028000 0.020000 0.684000 684 281 90349.059740 0.281000 321.526903 0.410819 62328.950866 221.811213 
0.028000 0.020000 0.686000 686 316 102798.563177 0.316000 325.311909 0.460641 63768.951021 201.800478 
0.028000 0.020000 0.688000 688 301 97296.538071 0.301000 323.244313 0.437500 64724.880023 215.032824 
0.029000 0.020000 0.700000 700 330 76754.458317 0.330000 232.589268 0.471429 68271.958419 206.884722 
0.029000 0.020000 0.703000 703 288 73580.091920 0.288000 255.486430 0.409673 70549.676147 244.964153 
0.029000 0.020000 0.703000 703 267 70986.648474 0.267000 265.867597 0.379801 66541.466242 249.218975 
0.029000 0.020000 0.707000 707 319 81400.957682 0.319000 255.175416 0.451202 70330.702523 220.472422 
0.029000 0.020000 0.708000 708 334 60033.032792 0.334000 179.739619 0.471751 66515.201353 199.147309 
0.029000 0.020000 0.709000 709 316 106044.363165 0.316000 335.583428 0.445698 63450.147850 200.791607 
0.029000 0.020000 0.703000 703 284 72555.229403 0.284000 255.476160 0.403983 63606.462842 223.966418 
0.029000 0.020000 0.708000 708 317 79592.420750 0.317000 251.080192 0.447740 63104.287076 199.067152 
0.029000 0.020000 0.700000 700 312 70167.476170 0.312000 224.895757 0.445714 65331.975001 209.397356 
0.029000 0.020000 0.700000 700 324 91378.076844 0.324000 282.031101 0.462857 69681.413261 215.066090 
0.030000 0.020000 0.724000 724 322 109518.664279 0.322000 340.120075 0.444751 67958.949555 211.052638 
0.030000 0.020000 0.723000 723 311 82371.121935 0.311000 264.858913 0.430152 65983.227765 212.164720 
0.030000 0.020000 0.727000 727 309 85278.017307 0.309000 275.980639 0.425034 66993.198499 216.806468 
0.030000 0.020000 0.728000 728 326 74312.459652 0.326000 227.952330 0.447802 67118.233929 205.884153 
0.030000 0.020000 0.725000 725 346 103539.913933 0.346000 299.248306 0.477241 70420.660659 203.527921 
0.030000 0.020000 0.713000 713 300 75991.701148 0.300000 253.305670 0.420757 68446.912716 228.156376 
0.030000 0.020000 0.733000 733 333 79297.075538 0.333000 238.129356 0.454297 63455.980961 190.558501 
0.030000 0.020000 0.729000 729 280 93879.505099 0.280000 335.283947 0.384088 68423.716594 244.370416 
0.030000 0.020000 0.731000 731 304 95611.130613 0.304000 314.510298 0.415869 65164.004212 214.355277 
0.030000 0.020000 0.725000 725 328 85717.966728 0.328000 261.335264 0.452414 66943.288159 204.095391 
