0.012000 0.020000 0.036000 36 19 1321.645098 0.019900 66.326070 0.552778 479.229317
0.024000 0.020000 0.060000 60 40 4240.119856 0.040400 104.900278 0.673334 305.361051
0.036000 0.020000 0.096000 96 66 7448.074696 0.066600 111.855482 0.693750 226.379083
0.048000 0.020000 0.120000 120 91 11505.988495 0.091000 126.512690 0.758333 195.022649
0.060000 0.020000 0.144000 144 114 16402.475149 0.114300 143.494261 0.793750 174.226584
0.072000 0.020000 0.180000 180 137 24271.445597 0.137900 176.230197 0.766111 162.972408
0.084000 0.020000 0.204000 204 159 32469.921791 0.159600 203.342648 0.782353 153.714941
0.096000 0.020000 0.240000 240 176 43250.387471 0.176800 244.823606 0.736667 148.290149
0.120000 0.020000 0.288000 288 211 66760.395005 0.211900 315.515854 0.735764 141.158721
0.132000 0.020000 0.324000 324 228 75622.298366 0.228800 330.555596 0.706173 136.198447
0.144000 0.020000 0.348000 348 243 88904.764138 0.243900 364.964880 0.700862 134.299147
0.168000 0.020000 0.408000 408 262 111753.859785 0.262400 426.145713 0.643137 130.646991
0.180000 0.020000 0.432000 432 274 120860.127586 0.274200 441.369928 0.634722 129.106481
0.192000 0.020000 0.468000 468 275 130660.037148 0.275900 474.141617 0.589530 129.016658
0.204000 0.020000 0.492000 492 283 139972.797517 0.283000 495.073429 0.575203 127.823080
0.228000 0.020000 0.552000 552 294 165090.878400 0.294800 560.944958 0.534058 125.362993
0.240000 0.020000 0.576000 576 297 169183.008668 0.297000 570.386825 0.515625 126.296418
0.252000 0.020000 0.612000 612 300 182697.548200 0.300100 609.855165 0.490359 125.370383
0.264000 0.020000 0.636000 636 305 183642.438948 0.305500 601.935714 0.480346 125.408824
0.276000 0.020000 0.672000 672 302 193654.953479 0.302000 641.225986 0.449405 125.171661
0.288000 0.020000 0.696000 696 309 198158.665646 0.309300 641.262903 0.444397 124.790964
0.300000 0.020000 0.720000 720 313 210753.254508 0.313800 671.659576 0.435833 123.957419
0.324000 0.020000 0.780000 780 314 221437.910972 0.314800 704.671060 0.403590 124.293375
0.336000 0.020000 0.816000 816 322 225915.563274 0.322500 701.088648 0.395221 122.374207
0.348000 0.020000 0.840000 840 317 227403.578852 0.317200 718.197262 0.377619 123.634700
0.360000 0.020000 0.864000 864 316 234151.783168 0.316900 739.611857 0.366782 123.323624
