0.010000 0.050000 0.120000 144 94 18961.909864 0.078917 200.349080 0.657639 37.886383
0.020000 0.050000 0.240000 288 98 34843.600994 0.082167 354.463362 0.342361 36.572523
0.030000 0.050000 0.360000 432 101 42714.256509 0.084333 422.390402 0.234259 35.576240
0.040000 0.050000 0.480000 576 101 45648.819153 0.084417 451.254879 0.175868 35.522613
0.050000 0.050000 0.600000 720 96 47078.454477 0.080750 485.970489 0.134583 37.075798
0.060000 0.050000 0.720000 864 103 50051.756566 0.086083 484.234518 0.119560 34.861366
0.070000 0.050000 0.840000 1008 99 49721.465930 0.082833 500.386958 0.098611 36.176655
0.080000 0.050000 0.960000 1152 100 51842.854930 0.083917 515.157538 0.087413 35.765383
0.090000 0.050000 1.080000 1296 99 51198.962086 0.082500 517.726432 0.076389 36.361735
0.100000 0.050000 1.200000 1440 102 52569.163960 0.085333 513.381105 0.071111 35.099419
0.110000 0.050000 1.320000 1584 102 53189.446195 0.085000 521.904517 0.064394 35.272856
