0.010000 0.050000 0.120000 144 93 18094.150970 0.077583 195.237912 0.646528 38.514929
0.020000 0.050000 0.240000 288 98 34738.316310 0.081917 354.030360 0.341319 36.591509
0.030000 0.050000 0.360000 432 103 43631.644636 0.085833 424.744682 0.238426 34.956518
0.040000 0.050000 0.480000 576 99 45018.316866 0.082667 454.299223 0.172222 36.190315
0.050000 0.050000 0.600000 720 97 46955.096531 0.081500 480.434400 0.135834 36.688044
0.060000 0.050000 0.720000 864 102 50357.610628 0.085500 490.471778 0.118750 35.057742
0.070000 0.050000 0.840000 1008 102 50857.830885 0.085167 497.783825 0.101389 35.156104
0.080000 0.050000 0.960000 1152 98 49111.106708 0.082000 498.895043 0.085417 36.539635
0.090000 0.050000 1.080000 1296 99 52097.111708 0.083000 523.978230 0.076852 36.131548
0.100000 0.050000 1.200000 1440 102 53206.567978 0.085167 521.130205 0.070972 35.162958
0.110000 0.050000 1.320000 1584 101 53505.144213 0.084667 527.374581 0.064141 35.449196
