0.010000 0.050000 0.120000 144 96 18743.084403 0.080417 194.348736 0.670139 37.059571
0.020000 0.050000 0.240000 288 101 35905.367609 0.084667 353.555072 0.352778 35.289612
0.030000 0.050000 0.360000 432 100 42043.704253 0.083333 420.687537 0.231482 35.894307
0.040000 0.050000 0.480000 576 101 44843.030617 0.084417 443.729576 0.175868 35.460319
0.050000 0.050000 0.600000 720 98 47485.958401 0.082333 481.253035 0.137222 36.370591
0.060000 0.050000 0.720000 864 100 49019.740297 0.084000 486.810360 0.116667 35.563249
0.070000 0.050000 0.840000 1008 98 49396.543463 0.082000 501.926613 0.097619 36.488128
0.080000 0.050000 0.960000 1152 98 51417.306148 0.082167 522.074528 0.085590 36.419247
0.090000 0.050000 1.080000 1296 97 50466.174337 0.081417 516.594690 0.075386 36.693321
0.100000 0.050000 1.200000 1440 99 52458.571265 0.083250 525.659653 0.069375 35.905312
0.110000 0.050000 1.320000 1584 99 52337.077595 0.083167 524.582549 0.063005 35.979688
