0.010000 0.050000 0.120000 144 94 19528.977351 0.079000 206.751168 0.658333 37.728433
0.020000 0.050000 0.240000 288 97 33518.318798 0.080917 346.055143 0.337153 36.893984
0.030000 0.050000 0.360000 432 102 42358.689248 0.085333 414.256213 0.237037 34.964843
0.040000 0.050000 0.480000 576 98 46290.969234 0.082333 468.623914 0.171528 36.201420
0.050000 0.050000 0.600000 720 99 49102.889465 0.082833 494.080128 0.138056 35.949506
0.060000 0.050000 0.720000 864 99 49697.058535 0.082583 502.164497 0.114699 36.165355
0.070000 0.050000 0.840000 1008 98 49178.288158 0.082417 497.936546 0.098115 36.292775
0.080000 0.050000 0.960000 1152 95 49006.616922 0.079167 516.358331 0.082465 37.682691
0.090000 0.050000 1.080000 1296 97 50161.155513 0.081417 513.632206 0.075386 36.683215
0.100000 0.050000 1.200000 1440 97 51107.639055 0.081500 522.742298 0.067916 36.529959
0.110000 0.050000 1.320000 1584 97 51703.349504 0.081583 528.616000 0.061805 36.544877
