0.010000 0.050000 0.120000 144 91 17175.042854 0.076000 188.981045 0.633333 39.734597
0.020000 0.050000 0.240000 288 100 32258.958103 0.083667 321.382097 0.348611 36.284502
0.030000 0.050000 0.360000 432 100 40609.964231 0.083333 405.987391 0.231481 36.353512
0.040000 0.050000 0.480000 576 101 44334.831510 0.084417 438.358033 0.175868 35.955168
0.050000 0.050000 0.600000 720 101 45652.755078 0.084500 450.566001 0.140833 35.968136
0.060000 0.050000 0.720000 864 96 45168.618105 0.080333 469.047538 0.111574 37.685007
0.070000 0.050000 0.840000 1008 98 47294.371758 0.082417 479.293642 0.098115 36.828934
0.080000 0.050000 0.960000 1152 103 50633.243611 0.086417 488.240786 0.090017 35.103071
0.090000 0.050000 1.080000 1296 109 52833.337572 0.091583 480.615699 0.084800 33.125720
0.100000 0.050000 1.200000 1440 102 50712.652269 0.085583 493.793694 0.071319 35.468655
0.110000 0.050000 1.320000 1584 99 50169.029774 0.083000 504.488744 0.062879 36.628216
