0.010000 0.050000 0.120000 144 95 17568.165946 0.079167 186.030941 0.659722 38.045635
0.020000 0.050000 0.240000 288 99 34196.199453 0.083000 343.979727 0.345833 36.343030
0.030000 0.050000 0.360000 432 103 41208.248457 0.086000 399.773526 0.238889 35.124386
0.040000 0.050000 0.480000 576 101 45364.536901 0.084500 449.146559 0.176042 35.724283
0.050000 0.050000 0.600000 720 106 48046.994188 0.088333 453.670602 0.147222 34.232063
0.060000 0.050000 0.720000 864 102 49623.354652 0.085750 482.341749 0.119097 35.288989
0.070000 0.050000 0.840000 1008 104 50677.282365 0.086750 487.269640 0.103274 34.763429
0.080000 0.050000 0.960000 1152 100 50539.630772 0.083833 502.934647 0.087327 35.946132
0.090000 0.050000 1.080000 1296 98 49004.238892 0.082000 498.452422 0.075926 36.750427
0.100000 0.050000 1.200000 1440 105 52743.725268 0.087500 502.065294 0.072917 34.503729
0.110000 0.050000 1.320000 1584 101 52131.447269 0.084917 511.511900 0.064331 35.470301
