0.010000 0.050000 0.120000 144 93 17591.111129 0.077583 189.228242 0.646528 38.587853
0.020000 0.050000 0.240000 288 99 35264.084699 0.083167 354.530935 0.346528 36.162362
0.030000 0.050000 0.360000 432 100 40739.298777 0.083500 406.577700 0.231944 36.103854
0.040000 0.050000 0.480000 576 100 43796.617589 0.083583 437.181384 0.174132 36.025455
0.050000 0.050000 0.600000 720 101 48827.366867 0.084833 480.150160 0.141389 35.466806
0.060000 0.050000 0.720000 864 99 47795.471248 0.082583 482.375707 0.114699 36.396921
0.070000 0.050000 0.840000 1008 99 49770.781550 0.083000 500.671145 0.098809 36.403704
0.080000 0.050000 0.960000 1152 100 51109.386080 0.083833 508.096590 0.087326 35.950615
0.090000 0.050000 1.080000 1296 101 50591.666708 0.084333 500.324637 0.078086 35.687396
0.100000 0.050000 1.200000 1440 101 52866.046734 0.084583 520.785985 0.070486 35.561290
0.110000 0.050000 1.320000 1584 102 52499.080507 0.085000 515.226530 0.064394 35.425243
