0.024000 0.050000 0.049000 49 42 2062.089519 0.042100 48.996208 0.859184 271.441999
0.036000 0.050000 0.073000 73 60 2351.594496 0.060900 38.616614 0.834246 217.353768
0.048000 0.050000 0.093000 93 78 2846.957310 0.078500 36.270333 0.844086 192.641126
0.060000 0.050000 0.113000 113 94 4803.306456 0.094800 50.666951 0.838938 177.875202
0.072000 0.050000 0.139000 139 116 4229.643625 0.116100 36.427728 0.835252 162.572528
0.084000 0.050000 0.159000 159 132 5683.223243 0.132600 42.878970 0.833962 155.087593
0.096000 0.050000 0.181000 181 149 7557.975121 0.149800 50.444534 0.827624 149.775039
0.120000 0.050000 0.223000 223 175 16003.892538 0.175000 91.610068 0.784753 147.426997
0.132000 0.050000 0.247000 247 186 20192.367916 0.186500 108.548677 0.755061 144.753406
0.144000 0.050000 0.269000 269 195 23582.448651 0.195700 121.077850 0.727509 142.123130
0.168000 0.050000 0.313000 313 203 34166.187966 0.203900 167.851884 0.651438 142.265854
0.180000 0.050000 0.333000 333 206 39640.066356 0.206400 192.394289 0.619820 142.112177
0.192000 0.050000 0.355000 355 211 44991.258403 0.211400 213.759980 0.595493 140.292322
0.204000 0.050000 0.377000 377 211 47193.256188 0.211400 223.318438 0.560743 141.172372
0.228000 0.050000 0.423000 423 223 51952.378517 0.223200 233.011991 0.527660 137.831668
0.240000 0.050000 0.443000 443 224 57998.364317 0.224100 260.010201 0.505869 138.551701
0.252000 0.050000 0.465000 465 226 61002.276013 0.226500 270.200961 0.487097 138.381544
0.264000 0.050000 0.487000 487 230 63626.263128 0.230500 278.206073 0.473306 137.677453
0.276000 0.050000 0.508000 508 233 69716.707782 0.233100 299.624489 0.458858 136.398113
0.288000 0.050000 0.531000 531 235 67402.058970 0.235100 287.575808 0.442750 136.754508
0.300000 0.050000 0.553000 553 237 72659.029720 0.237700 306.144653 0.429837 135.210967
0.324000 0.050000 0.597000 597 235 74173.823678 0.235000 316.342411 0.393635 136.831537
0.336000 0.050000 0.617000 617 235 78429.638223 0.235200 334.513748 0.381199 136.741864
0.348000 0.050000 0.641000 641 237 88550.609172 0.237300 375.401231 0.370203 135.924525
0.360000 0.050000 0.663000 663 245 87270.560134 0.245400 357.230490 0.370136 133.152878
0.372000 0.050000 0.685000 685 242 92590.332772 0.242700 382.361477 0.354307 135.378005
0.384000 0.050000 0.706000 706 245 92899.637536 0.245900 379.020095 0.348300 134.720485
