0.012	0.0241689002
0.024	0.0482158056
0.036	0.0721411413
0.048	0.0959453309
0.06	0.119628797
0.072	0.143191961
0.084	0.1666352432
0.096	0.1899590625
0.108	0.2131638368
0.12	0.2362499828
0.132	0.2592179161
0.144	0.282068051
0.156	0.3048008007
0.168	0.3274165773
0.18	0.3499157917
0.192	0.370707798
0.204	0.3909635413
0.216	0.4106920931
0.228	0.4267169648
0.24	0.4426718376
0.252	0.4585569012
0.264	0.4739372871
0.276	0.4829284542
0.288	0.4900599435
0.3	0.4949470007
0.312	0.499819607
0.324	0.5046777844
0.336	0.5095215548
0.348	0.51435094
0.36	0.5191659621

