0.024000 0.050000 0.048000 48 34 155.226154 0.034600 4.483285 0.720833 336.553687
0.036000 0.050000 0.072000 72 51 232.462815 0.051900 4.479863 0.720833 271.278276
0.048000 0.050000 0.092000 92 68 309.902388 0.068100 4.548858 0.740217 238.841861
0.060000 0.050000 0.112000 112 59 781.213979 0.059700 13.223394 0.533036 295.618268
0.072000 0.050000 0.138000 138 104 481.451565 0.104400 4.611111 0.756522 201.383849
0.084000 0.050000 0.158000 158 119 576.044630 0.119600 4.816546 0.756962 194.749900
0.096000 0.050000 0.179000 179 139 653.521314 0.139800 4.674513 0.781006 183.470542
0.120000 0.050000 0.222000 222 116 935.503127 0.116600 7.998352 0.525225 248.976947
0.132000 0.050000 0.246000 246 189 876.382094 0.189400 4.627532 0.769919 173.340890
0.144000 0.050000 0.268000 268 193 931.640357 0.193500 4.812354 0.722015 175.268989
0.168000 0.050000 0.312000 312 211 1117.403036 0.211600 5.276279 0.678205 172.711175
0.180000 0.050000 0.332000 332 178 1290.909326 0.178300 7.239641 0.537048 224.491961
0.192000 0.050000 0.353000 353 239 1134.164462 0.239600 4.732601 0.678754 184.460697
0.204000 0.050000 0.376000 376 249 1223.418883 0.249100 4.910221 0.662500 185.094558
0.228000 0.050000 0.420000 420 282 1554.185425 0.282400 5.504040 0.672381 168.885677
0.240000 0.050000 0.442000 442 242 1617.153798 0.242900 6.651942 0.549548 211.896205
0.252000 0.050000 0.463000 463 296 1459.381557 0.296700 4.918802 0.640821 187.479688
0.264000 0.050000 0.486000 486 286 1790.882104 0.286500 6.248893 0.589506 196.985322
0.276000 0.050000 0.507000 507 342 1842.904834 0.342200 5.384264 0.674951 167.031871
0.288000 0.050000 0.529000 529 343 1656.091293 0.343500 4.821397 0.649338 158.893478
0.300000 0.050000 0.552000 552 294 1861.482301 0.294700 6.316468 0.533877 211.794264
0.324000 0.050000 0.594000 594 331 2077.867647 0.331600 6.266840 0.558249 191.626508
0.336000 0.050000 0.616000 616 398 2149.963124 0.398700 5.391089 0.647241 166.274758
0.348000 0.050000 0.637000 637 408 1955.728073 0.408700 4.785866 0.641601 158.896132
0.360000 0.050000 0.659000 659 332 2144.963814 0.332000 6.463936 0.503794 217.426072

