0.024000 0.050000 0.049000 49 42 2011.265699 0.042400 47.417601 0.865306 270.024009
0.036000 0.050000 0.073000 73 60 2391.373439 0.060700 39.409247 0.831507 218.641377
0.048000 0.050000 0.093000 93 78 2669.946686 0.078900 33.850332 0.848387 191.495908
0.060000 0.050000 0.113000 113 94 4640.499424 0.094600 49.050507 0.837168 178.217311
0.072000 0.050000 0.139000 139 115 4092.063366 0.115400 35.469280 0.830216 162.848015
0.084000 0.050000 0.159000 159 132 5698.019777 0.132600 43.006289 0.833962 155.053133
0.096000 0.050000 0.181000 181 148 8254.330181 0.148700 55.591080 0.821547 152.766426
0.120000 0.050000 0.223000 223 176 17065.388718 0.176400 97.160039 0.791031 146.875015
0.132000 0.050000 0.247000 247 184 23045.373901 0.184200 125.394672 0.745749 147.114846
0.144000 0.050000 0.269000 269 193 26753.501802 0.193000 139.135045 0.717472 143.535283
0.168000 0.050000 0.313000 313 202 37488.011723 0.202600 185.292338 0.647284 143.218332
0.180000 0.050000 0.333000 333 204 43374.293517 0.204700 211.893773 0.614715 142.551372
0.192000 0.050000 0.355000 355 206 43119.268593 0.206200 209.636383 0.580845 143.083949
0.204000 0.050000 0.377000 377 212 50032.981390 0.212700 235.505106 0.564191 140.812674
0.228000 0.050000 0.423000 423 226 56445.973685 0.226300 249.722734 0.534988 136.800249
0.240000 0.050000 0.443000 443 226 52966.179302 0.226000 234.558065 0.510158 137.863386
0.252000 0.050000 0.465000 465 223 64446.574557 0.223600 288.845513 0.480860 138.785132
0.264000 0.050000 0.487000 487 231 62354.687233 0.231000 270.474324 0.474333 136.987906
0.276000 0.050000 0.508000 508 230 63031.676985 0.230800 273.700201 0.454331 136.602625
0.288000 0.050000 0.531000 531 231 73909.654588 0.231900 319.956715 0.436723 138.670676
0.300000 0.050000 0.553000 553 233 69721.408217 0.233900 298.597539 0.422966 136.053447
0.324000 0.050000 0.597000 597 237 81594.267160 0.237800 343.372936 0.398325 136.768621
0.336000 0.050000 0.617000 617 239 79203.281726 0.239800 331.335541 0.388655 136.089843
0.348000 0.050000 0.641000 641 238 80360.133528 0.238300 338.469687 0.371763 136.421565
0.360000 0.050000 0.663000 663 244 87041.941532 0.244900 355.489254 0.369382 132.849027

