0.012000 0.020000 0.032000 32 29 928.707435 0.029700 31.250995 0.928125 432.358338
0.024000 0.020000 0.053400 53 48 1255.380999 0.048700 25.765097 0.912194 323.837338
0.036000 0.020000 0.080000 80 75 1663.334686 0.075600 21.991267 0.945000 244.502406
0.048000 0.020000 0.102900 102 94 2250.009541 0.094400 23.816047 0.917352 232.314121
0.060000 0.020000 0.128600 128 116 2679.562651 0.116700 22.946687 0.907468 217.651120
0.072000 0.020000 0.152300 152 141 3076.044626 0.141900 21.703076 0.931691 201.079849
0.084000 0.020000 0.178400 178 160 4387.741883 0.160700 27.363195 0.900817 204.863168
0.096000 0.020000 0.202400 202 181 5816.807991 0.181700 32.096524 0.897663 201.068912
0.120000 0.020000 0.248200 248 209 11106.355371 0.209900 52.827474 0.845660 209.700580
0.132000 0.020000 0.278200 278 229 14009.823028 0.229400 61.137013 0.824569 209.690426
0.144000 0.020000 0.298300 298 236 17333.716754 0.236400 73.502923 0.792579 211.618020
0.168000 0.020000 0.347700 347 260 24927.085367 0.260500 96.437933 0.749210 209.286788
0.180000 0.020000 0.369600 369 262 31273.284608 0.262200 119.525329 0.709429 217.064881
0.192000 0.020000 0.394100 394 273 36805.148052 0.273200 135.015333 0.693253 211.482632
0.204000 0.020000 0.419000 419 279 40021.756780 0.279700 143.608925 0.667501 210.491376
0.228000 0.020000 0.465800 465 291 53580.443385 0.291100 184.132481 0.624957 211.278091
0.240000 0.020000 0.489500 489 299 56476.292610 0.299400 190.106066 0.611674 211.285329
0.252000 0.020000 0.515100 515 297 66358.277364 0.297800 223.687908 0.578099 210.077533
0.264000 0.020000 0.538300 538 295 58951.000731 0.295500 200.293970 0.549016 214.867091
0.276000 0.020000 0.566200 566 295 66080.928709 0.295100 223.983883 0.521166 213.916696
0.288000 0.020000 0.588200 588 311 70883.166383 0.311200 228.149616 0.529079 208.084869
0.300000 0.020000 0.610800 610 297 71613.018746 0.297200 240.814585 0.486549 213.556662
0.324000 0.020000 0.656900 656 321 80878.672311 0.321100 252.187153 0.488848 210.398427
0.336000 0.020000 0.684600 684 306 85395.911130 0.306100 280.386686 0.447141 214.652124
0.348000 0.020000 0.704100 704 309 78249.275552 0.309100 253.792497 0.438985 216.897620
0.360000 0.020000 0.725800 725 315 88551.755623 0.315900 281.072480 0.435241 213.097186

