0.024000 0.020000 0.054000 54 52 1563.033137 0.052200 29.966601 0.966666 291.316381
0.036000 0.020000 0.080000 80 79 2137.376450 0.079000 27.058799 0.987500 233.441924
0.048000 0.020000 0.103900 103 99 3340.964984 0.099900 33.438916 0.961501 217.340465
0.060000 0.020000 0.130000 130 124 4289.447939 0.124100 34.599464 0.954615 204.648571
0.072000 0.020000 0.154000 154 147 4259.028310 0.147900 28.783075 0.960389 188.368742
0.084000 0.020000 0.180000 180 170 8844.371947 0.170700 51.824917 0.948333 189.373276
0.096000 0.020000 0.205500 205 187 10898.047015 0.187700 58.084023 0.913340 183.912040
0.120000 0.020000 0.251900 251 217 20381.287905 0.217900 93.427933 0.865018 188.002268
0.132000 0.020000 0.282700 282 227 24504.775757 0.227000 108.492660 0.803066 187.274873
0.144000 0.020000 0.304200 304 246 28020.431947 0.246600 113.870776 0.810626 184.867734
0.168000 0.020000 0.357500 357 253 33257.074222 0.253000 131.732028 0.707739 188.026043
0.180000 0.020000 0.379300 379 264 38101.618595 0.264100 144.296369 0.696325 184.241373
0.192000 0.020000 0.405500 405 269 43059.733368 0.269600 159.546730 0.664867 186.476699
0.204000 0.020000 0.431600 431 262 48434.233190 0.262500 185.036543 0.608192 188.450116
0.228000 0.020000 0.481000 481 273 67453.073660 0.273800 249.519902 0.569227 192.482886
0.240000 0.020000 0.501900 501 278 71639.402551 0.278500 257.861645 0.554921 190.409388
0.252000 0.020000 0.530400 530 273 66891.017231 0.273700 245.319747 0.515992 192.677005
0.264000 0.020000 0.555100 555 298 69401.250186 0.298200 232.452023 0.537227 180.628302
0.276000 0.020000 0.581200 581 274 66258.095033 0.274400 240.532102 0.472149 193.630662
0.288000 0.020000 0.602200 602 292 82508.276479 0.292600 282.766983 0.485920 186.914345
0.300000 0.020000 0.630500 630 296 81249.158974 0.296600 275.312783 0.470418 187.416324
0.324000 0.020000 0.678300 678 303 89368.116337 0.303400 296.578471 0.447336 185.054386
0.336000 0.020000 0.707300 707 303 91408.187717 0.303600 301.072727 0.429307 184.581867
0.348000 0.020000 0.729500 729 301 102303.044574 0.301100 341.531977 0.412708 186.395790
0.360000 0.020000 0.752900 752 301 100257.956346 0.301900 332.944854 0.400972 187.212862

