0.024000 0.020000 0.054000 54 52 1563.033137 0.052200 29.966601 0.966666 291.316381
0.036000 0.020000 0.080000 80 79 2137.376450 0.079000 27.058799 0.987500 233.441924
0.048000 0.020000 0.103900 103 99 3340.964984 0.099900 33.438916 0.961501 217.340465
0.060000 0.020000 0.130000 130 124 4289.447939 0.124100 34.599464 0.954615 204.648571
0.072000 0.020000 0.154000 154 147 4259.028310 0.147900 28.783075 0.960389 188.368742
0.084000 0.020000 0.180000 180 170 8844.371947 0.170700 51.824917 0.948333 189.373276
0.096000 0.020000 0.205500 205 187 10898.047015 0.187700 58.084023 0.913340 183.912040
0.120000 0.020000 0.251900 251 217 20381.287905 0.217900 93.427933 0.865018 188.002268
0.132000 0.020000 0.282700 282 227 24504.775757 0.227000 108.492660 0.803066 187.274873
0.144000 0.020000 0.304200 304 246 28020.431947 0.246600 113.870776 0.810626 184.867734
0.168000 0.020000 0.347700 347 260 24927.085367 0.260500 96.437933 0.749210 209.286788
0.180000 0.020000 0.369600 369 262 31273.284608 0.262200 119.525329 0.709429 217.064881
0.192000 0.020000 0.394100 394 273 36805.148052 0.273200 135.015333 0.693253 211.482632
0.204000 0.020000 0.419000 419 279 40021.756780 0.279700 143.608925 0.667501 210.491376
0.228000 0.020000 0.465800 465 291 53580.443385 0.291100 184.132481 0.624957 211.278091
0.240000 0.020000 0.489500 489 299 56476.292610 0.299400 190.106066 0.611674 211.285329
0.252000 0.020000 0.515100 515 297 66358.277364 0.297800 223.687908 0.578099 210.077533
0.264000 0.020000 0.538300 538 295 58951.000731 0.295500 200.293970 0.549016 214.867091
0.276000 0.020000 0.566200 566 295 66080.928709 0.295100 223.983883 0.521166 213.916696
0.288000 0.020000 0.588200 588 311 70883.166383 0.311200 228.149616 0.529079 208.084869
0.300000 0.020000 0.610800 610 297 71613.018746 0.297200 240.814585 0.486549 213.556662
0.324000 0.020000 0.656900 656 321 80878.672311 0.321100 252.187153 0.488848 210.398427
0.336000 0.020000 0.684600 684 306 85395.911130 0.306100 280.386686 0.447141 214.652124
0.348000 0.020000 0.704100 704 309 78249.275552 0.309100 253.792497 0.438985 216.897620
0.360000 0.020000 0.725800 725 315 88551.755623 0.315900 281.072480 0.435241 213.097186

