0.012000 0.020000 0.030000 30 12 164.939748 0.012800 13.445896 0.426667 848.194723
0.024000 0.020000 0.052000 52 25 258.878950 0.025000 10.443908 0.480769 520.321769
0.036000 0.020000 0.076000 76 35 450.530110 0.035400 13.069905 0.465790 437.898052
0.048000 0.020000 0.100000 100 51 507.625656 0.051000 9.906506 0.510000 351.891848
0.060000 0.020000 0.120000 120 62 736.776325 0.062900 11.691245 0.524167 322.115921
0.072000 0.020000 0.147000 147 74 791.478417 0.074000 10.658707 0.503401 313.376218
0.084000 0.020000 0.167000 167 89 703.537085 0.089200 7.923845 0.534132 284.556298
0.096000 0.020000 0.195000 195 93 1238.381314 0.093400 13.214241 0.478974 295.273998
0.120000 0.020000 0.236000 236 124 1124.348221 0.124200 9.011560 0.526271 259.413927
0.132000 0.020000 0.264000 264 146 900.243448 0.146500 6.139682 0.554924 242.292028
0.144000 0.020000 0.286000 286 138 1280.707694 0.138500 9.243029 0.484266 269.256069
0.168000 0.020000 0.332000 332 185 1196.971558 0.185700 6.426428 0.559337 230.142582
0.180000 0.020000 0.354000 354 173 1279.930108 0.173600 7.378201 0.490396 256.336388
0.192000 0.020000 0.381000 381 180 1677.803504 0.180400 9.302111 0.473491 258.728138
0.204000 0.020000 0.400000 400 225 2304.187870 0.225800 10.206154 0.564500 217.775097
0.228000 0.020000 0.449000 449 251 1725.658730 0.251900 6.845198 0.561025 205.191383
0.240000 0.020000 0.470000 470 240 2001.701511 0.240100 8.333182 0.510851 236.735198
0.252000 0.020000 0.495000 495 245 1559.428374 0.245500 6.345691 0.495960 242.654062
0.264000 0.020000 0.520000 520 287 1694.493684 0.287700 5.886111 0.553269 217.739237
0.276000 0.020000 0.545000 545 274 2306.605677 0.274600 8.400148 0.503853 223.221007
0.288000 0.020000 0.565000 565 231 2923.212584 0.231200 12.637387 0.409204 276.587490
0.300000 0.020000 0.587000 587 301 3285.812443 0.301400 10.904447 0.513458 223.549375
0.324000 0.020000 0.635000 635 321 2083.784265 0.321800 6.470464 0.506772 220.209025
0.336000 0.020000 0.661000 661 363 2059.358604 0.363000 5.672654 0.549168 197.760896
0.348000 0.020000 0.682000 682 306 2806.463125 0.306800 9.146743 0.449853 251.857792
0.360000 0.020000 0.704000 704 314 2988.472039 0.314100 9.516121 0.446165 249.432907
