0.024000 0.020000 0.060000 60 40 4113.432758 0.040200 102.366181 0.670000 308.490689
0.036000 0.020000 0.096000 96 67 7349.806014 0.067400 109.083394 0.702083 222.754744
0.048000 0.020000 0.120000 120 90 11156.355231 0.090600 123.128944 0.755000 195.039133
0.060000 0.020000 0.144000 144 114 16256.566868 0.114000 142.701060 0.791667 173.784802
0.072000 0.020000 0.180000 180 137 24194.153602 0.137300 176.513021 0.762778 164.542178
0.084000 0.020000 0.204000 204 158 33251.666505 0.158900 209.415942 0.778922 156.271565
0.096000 0.020000 0.240000 240 178 43653.070118 0.178000 245.494460 0.741667 150.719417
0.120000 0.020000 0.288000 288 214 65935.689554 0.214700 306.885681 0.745486 138.905244
0.132000 0.020000 0.324000 324 227 74601.397693 0.227900 327.300100 0.703395 136.241935
0.144000 0.020000 0.348000 348 238 90446.384300 0.238600 379.204211 0.685632 134.682065
0.168000 0.020000 0.408000 408 265 112267.054969 0.265200 423.623098 0.650000 130.528774
0.180000 0.020000 0.432000 432 273 126235.318544 0.273600 461.585624 0.633334 129.651295
0.192000 0.020000 0.468000 468 280 133289.536198 0.280600 475.587146 0.599573 127.436124
0.204000 0.020000 0.492000 492 283 145109.949203 0.283100 513.523938 0.575407 128.098136
0.228000 0.020000 0.552000 552 296 159176.029386 0.296100 537.966305 0.536413 125.969576
0.240000 0.020000 0.576000 576 296 166599.424570 0.296300 563.481654 0.514410 126.576174
0.252000 0.020000 0.612000 612 303 175609.284938 0.303700 578.884276 0.496242 124.365204
0.264000 0.020000 0.636000 636 304 185264.166927 0.304100 609.695261 0.478145 124.426096
0.276000 0.020000 0.672000 672 296 185505.592627 0.296000 627.705780 0.440476 126.499542
0.288000 0.020000 0.696000 696 310 199141.917731 0.310300 642.700619 0.445833 124.202251
0.300000 0.020000 0.720000 720 311 205065.514165 0.311700 658.252518 0.432917 124.072181
0.324000 0.020000 0.780000 780 310 218609.694044 0.310700 704.389108 0.398333 123.970835
0.336000 0.020000 0.816000 816 318 225102.770038 0.318300 707.946945 0.390073 124.177935
0.348000 0.020000 0.840000 840 320 234754.446757 0.320400 733.630580 0.381429 122.553352
0.360000 0.020000 0.864000 864 317 233869.364721 0.317100 738.208750 0.367014 123.567278

