0.024000 0.050000 0.048000 48 34 150.682157 0.034800 4.329215 0.725000 334.411424
0.036000 0.050000 0.072000 72 52 237.933189 0.052500 4.530856 0.729167 268.727417
0.048000 0.050000 0.092000 92 68 311.265140 0.068600 4.535991 0.745652 236.972581
0.060000 0.050000 0.112000 112 61 739.322150 0.061700 11.939736 0.550893 287.049927
0.072000 0.050000 0.138000 138 103 481.675226 0.103900 4.636720 0.752899 201.814984
0.084000 0.050000 0.158000 158 119 569.388062 0.119000 4.784150 0.753165 195.700168
0.096000 0.050000 0.179000 179 137 630.655570 0.137600 4.584617 0.768715 185.576935
0.120000 0.050000 0.222000 222 123 1097.064765 0.123600 8.841945 0.556757 234.457075
0.132000 0.050000 0.246000 246 188 871.106754 0.188500 4.620068 0.766260 173.580865
0.144000 0.050000 0.268000 268 191 909.481333 0.191400 4.750858 0.714179 177.611260
0.168000 0.050000 0.312000 312 211 1155.283740 0.211600 5.458368 0.678205 172.587962
0.180000 0.050000 0.332000 332 180 1323.797656 0.180400 7.340385 0.543373 222.843825
0.192000 0.050000 0.353000 353 240 1150.236724 0.240200 4.788253 0.680453 184.108643
0.204000 0.050000 0.376000 376 253 1289.927485 0.253000 5.095589 0.672872 183.636416
0.228000 0.050000 0.420000 420 286 1608.896131 0.286000 5.625626 0.680952 166.177962
0.240000 0.050000 0.442000 442 238 1574.425109 0.238700 6.594480 0.540045 215.136665
0.252000 0.050000 0.463000 463 295 1437.005382 0.295000 4.870722 0.637149 188.550653
0.264000 0.050000 0.486000 486 289 1743.495214 0.289800 6.013802 0.596296 194.372477
0.276000 0.050000 0.507000 507 343 1824.541523 0.343500 5.311718 0.677515 166.488068
0.288000 0.050000 0.529000 529 350 1699.196662 0.350200 4.851180 0.662004 156.520880
0.300000 0.050000 0.552000 552 289 1782.388789 0.289500 6.152064 0.524456 215.561799
0.324000 0.050000 0.594000 594 330 2119.819872 0.330200 6.421281 0.555893 192.546980
0.336000 0.050000 0.616000 616 401 2108.410983 0.401700 5.249056 0.652111 164.878790
0.348000 0.050000 0.637000 637 411 1975.291241 0.411400 4.801012 0.645840 158.742412
0.360000 0.050000 0.659000 659 328 2104.956927 0.328600 6.404637 0.498634 220.275302
0.372000 0.050000 0.683000 683 394 2450.662077 0.394800 6.209724 0.578038 184.528392
0.384000 0.050000 0.703000 703 367 2635.454446 0.367400 7.163974 0.522617 202.538011
