0.002000 0.050000 0.048000 48 33 140.681326 0.033000 4.263070 0.687500 11413.356946 345.859301 
0.002000 0.050000 0.048000 48 36 155.571512 0.036000 4.321431 0.750000 11686.311320 324.619759 
0.002000 0.050000 0.048000 48 33 147.180995 0.033000 4.460030 0.687500 11596.694624 351.414989 
0.002000 0.050000 0.048000 48 34 139.555931 0.034000 4.104586 0.708333 11674.845056 343.377796 
0.002000 0.050000 0.048000 48 36 160.927268 0.036000 4.470202 0.750000 11684.801857 324.577829 
0.002000 0.050000 0.048000 48 35 165.132054 0.035000 4.718059 0.729167 11513.583469 328.959528 
0.002000 0.050000 0.048000 48 33 138.591068 0.033000 4.199729 0.687500 11676.143965 353.822544 
0.002000 0.050000 0.048000 48 36 155.723618 0.036000 4.325656 0.750000 11688.088573 324.669127 
0.002000 0.050000 0.048000 48 36 156.322839 0.036000 4.342301 0.750000 11603.245529 322.312376 
0.002000 0.050000 0.048000 48 36 147.134959 0.036000 4.087082 0.750000 11682.035480 324.500986 
0.003000 0.050000 0.072000 72 53 252.555070 0.053000 4.765190 0.736111 14161.172453 267.191933 
0.003000 0.050000 0.072000 72 52 247.226213 0.052000 4.754350 0.722222 14065.503066 270.490444 
0.003000 0.050000 0.072000 72 55 251.736226 0.055000 4.577022 0.763889 14175.602081 257.738220 
0.003000 0.050000 0.072000 72 53 241.088856 0.053000 4.548846 0.736111 14077.998280 265.622609 
0.003000 0.050000 0.072000 72 52 230.048716 0.052000 4.424014 0.722222 14081.259785 270.793457 
0.003000 0.050000 0.072000 72 54 241.910456 0.054000 4.479823 0.750000 14157.920143 262.183706 
0.003000 0.050000 0.072000 72 51 226.457910 0.051000 4.440351 0.708333 14078.029820 276.039800 
0.003000 0.050000 0.072000 72 52 236.627315 0.052000 4.550525 0.722222 14069.652826 270.570247 
0.003000 0.050000 0.072000 72 51 218.151764 0.051000 4.277486 0.708333 13989.984982 274.313431 
0.003000 0.050000 0.072000 72 52 233.529364 0.052000 4.490949 0.722222 14161.176910 272.330325 
0.004000 0.050000 0.092000 92 67 313.679492 0.067000 4.681783 0.728261 16274.869248 242.908496 
0.004000 0.050000 0.092000 92 68 303.104388 0.068000 4.457417 0.739130 16373.191874 240.782233 
0.004000 0.050000 0.092000 92 68 296.762931 0.068000 4.364161 0.739130 16189.808361 238.085417 
0.004000 0.050000 0.092000 92 66 292.994967 0.066000 4.439318 0.717391 16020.241544 242.730932 
0.004000 0.050000 0.092000 92 70 319.024243 0.070000 4.557489 0.760870 16287.726312 232.681804 
0.004000 0.050000 0.092000 92 68 311.317067 0.068000 4.578192 0.739130 16016.383703 235.535054 
0.004000 0.050000 0.092000 92 71 342.221313 0.071000 4.820018 0.771739 16378.241874 230.679463 
0.004000 0.050000 0.092000 92 71 324.862324 0.071000 4.575526 0.771739 16379.609997 230.698732 
0.004000 0.050000 0.092000 92 68 302.589336 0.068000 4.449843 0.739130 16377.267722 240.842172 
0.004000 0.050000 0.092000 92 69 306.095340 0.069000 4.436164 0.750000 16199.924129 234.781509 
0.005000 0.050000 0.112000 112 60 508.356664 0.060000 8.472611 0.535714 17970.729113 299.512152 
0.005000 0.050000 0.112000 112 61 493.640609 0.061000 8.092469 0.544643 17438.728464 285.880794 
0.005000 0.050000 0.112000 112 64 1092.738963 0.064000 17.074046 0.571429 17612.205550 275.190712 
0.005000 0.050000 0.112000 112 61 879.881133 0.061000 14.424281 0.544643 17769.099029 291.296705 
0.005000 0.050000 0.112000 112 60 507.437709 0.060000 8.457295 0.535714 17413.594456 290.226574 
0.005000 0.050000 0.112000 112 58 653.845254 0.058000 11.273194 0.517857 17695.419261 305.093436 
0.005000 0.050000 0.112000 112 65 584.569455 0.065000 8.993376 0.580357 18061.260360 277.865544 
0.005000 0.050000 0.112000 112 63 715.210998 0.063000 11.352556 0.562500 17518.425898 278.070252 
0.005000 0.050000 0.112000 112 62 724.380051 0.062000 11.683549 0.553571 17608.866755 284.013980 
0.005000 0.050000 0.112000 112 63 1233.160660 0.063000 19.573979 0.562500 17850.994294 283.349116 
0.006000 0.050000 0.138000 138 101 468.706606 0.101000 4.640659 0.731884 21012.051738 208.040116 
0.006000 0.050000 0.138000 138 104 482.484876 0.104000 4.639278 0.753623 21111.691933 202.997038 
0.006000 0.050000 0.138000 138 105 482.154661 0.105000 4.591949 0.760870 21027.430899 200.261247 
0.006000 0.050000 0.138000 138 102 497.939850 0.102000 4.881763 0.739130 20929.799741 205.194115 
0.006000 0.050000 0.138000 138 105 479.569394 0.105000 4.567328 0.760870 20800.341762 198.098493 
0.006000 0.050000 0.138000 138 106 494.341876 0.106000 4.663603 0.768116 21133.344669 199.371176 
0.006000 0.050000 0.138000 138 102 460.905027 0.102000 4.518677 0.739130 21029.901124 206.175501 
0.006000 0.050000 0.138000 138 104 462.487973 0.104000 4.447000 0.753623 20962.212734 201.559738 
0.006000 0.050000 0.138000 138 104 521.760065 0.104000 5.016924 0.753623 20945.843490 201.402341 
0.006000 0.050000 0.138000 138 106 466.401936 0.106000 4.400018 0.768116 20675.307509 195.050071 
0.007000 0.050000 0.158000 158 119 556.703374 0.119000 4.678180 0.753165 23191.175794 194.883830 
0.007000 0.050000 0.158000 158 118 552.405749 0.118000 4.681405 0.746835 23389.529194 198.216349 
0.007000 0.050000 0.158000 158 119 593.576180 0.119000 4.988035 0.753165 23350.855486 196.225676 
0.007000 0.050000 0.158000 158 120 579.244908 0.120000 4.827041 0.759494 23127.411724 192.728431 
0.007000 0.050000 0.158000 158 116 540.300054 0.116000 4.657759 0.734177 23122.261261 199.329838 
0.007000 0.050000 0.158000 158 119 592.154155 0.119000 4.976085 0.753165 23480.271275 197.313204 
0.007000 0.050000 0.158000 158 118 565.545851 0.118000 4.792761 0.746835 23150.166483 196.187852 
0.007000 0.050000 0.158000 158 120 555.486997 0.120000 4.629058 0.759494 23499.935020 195.832792 
0.007000 0.050000 0.158000 158 122 599.170851 0.122000 4.911236 0.772152 23220.856910 190.334893 
0.007000 0.050000 0.158000 158 119 559.292500 0.119000 4.699937 0.753165 23317.909062 195.948816 
0.008000 0.050000 0.179000 179 138 624.488398 0.138000 4.525278 0.770950 25463.931192 184.521241 
0.008000 0.050000 0.179000 179 140 617.817981 0.140000 4.412986 0.782123 25650.423281 183.217309 
0.008000 0.050000 0.179000 179 142 628.891088 0.142000 4.428810 0.793296 25748.203888 181.325379 
0.008000 0.050000 0.179000 179 137 664.101418 0.137000 4.847456 0.765363 25458.387337 185.827645 
0.008000 0.050000 0.179000 179 138 615.918606 0.138000 4.463178 0.770950 25832.972480 187.195453 
0.008000 0.050000 0.179000 179 136 636.460725 0.136000 4.679858 0.759777 25206.413708 185.341277 
0.008000 0.050000 0.179000 179 134 630.991529 0.134000 4.708892 0.748603 25452.704370 189.945555 
0.008000 0.050000 0.179000 179 138 644.703403 0.138000 4.671764 0.770950 25562.216584 185.233454 
0.008000 0.050000 0.179000 179 138 626.043471 0.138000 4.536547 0.770950 25729.509037 186.445718 
0.008000 0.050000 0.179000 179 135 617.139084 0.135000 4.571401 0.754190 25206.703314 186.716321 
0.009000 0.050000 0.202000 202 130 799.882346 0.130000 6.152941 0.643564 25943.310959 199.563930 
0.009000 0.050000 0.202000 202 131 661.673912 0.131000 5.050946 0.648515 26007.539375 198.530835 
0.009000 0.050000 0.202000 202 130 639.698611 0.130000 4.920759 0.643564 25658.787003 197.375285 
0.009000 0.050000 0.202000 202 136 726.962716 0.136000 5.345314 0.673267 25932.354975 190.679081 
0.009000 0.050000 0.202000 202 128 689.985971 0.128000 5.390515 0.633663 25836.026331 201.843956 
0.009000 0.050000 0.202000 202 131 670.781196 0.131000 5.120467 0.648515 25850.936954 197.335397 
0.009000 0.050000 0.202000 202 140 818.001906 0.140000 5.842871 0.693069 26272.260265 187.659002 
0.009000 0.050000 0.202000 202 125 613.741027 0.125000 4.909928 0.618812 26024.151007 208.193208 
0.009000 0.050000 0.202000 202 123 628.019417 0.123000 5.105849 0.608911 25634.136333 208.407612 
0.009000 0.050000 0.202000 202 132 686.792738 0.132000 5.202975 0.653465 26039.833752 197.271468 
0.010000 0.050000 0.222000 222 122 1223.051830 0.122000 10.025015 0.549550 28680.484826 235.085941 
0.010000 0.050000 0.222000 222 122 864.496617 0.122000 7.086038 0.549550 29385.474332 240.864544 
0.010000 0.050000 0.222000 222 131 1379.776259 0.131000 10.532643 0.590090 28736.401225 219.361841 
0.010000 0.050000 0.222000 222 122 914.520481 0.122000 7.496070 0.549550 28917.592059 237.029443 
0.010000 0.050000 0.222000 222 117 896.802201 0.117000 7.664976 0.527027 28744.495187 245.679446 
0.010000 0.050000 0.222000 222 132 1327.780542 0.132000 10.058943 0.594595 28619.158192 216.811804 
0.010000 0.050000 0.222000 222 125 1144.257284 0.125000 9.154058 0.563063 29227.780669 233.822245 
0.010000 0.050000 0.222000 222 125 1207.031051 0.125000 9.656248 0.563063 28985.327564 231.882621 
0.010000 0.050000 0.222000 222 123 1101.103348 0.123000 8.952060 0.554054 28998.009861 235.756178 
0.010000 0.050000 0.222000 222 117 911.828035 0.117000 7.793402 0.527027 29048.372383 248.276687 
0.011000 0.050000 0.246000 246 191 895.828008 0.191000 4.690199 0.776423 32688.598113 171.144493 
0.011000 0.050000 0.246000 246 183 856.483899 0.183000 4.680240 0.743902 32737.839984 178.895300 
0.011000 0.050000 0.246000 246 184 833.423560 0.184000 4.529476 0.747967 32418.217704 176.185966 
0.011000 0.050000 0.246000 246 193 921.583656 0.193000 4.775045 0.784553 32873.942071 170.331306 
0.011000 0.050000 0.246000 246 191 882.485301 0.191000 4.620342 0.776423 32712.465646 171.269454 
0.011000 0.050000 0.246000 246 194 924.150029 0.194000 4.763660 0.788618 33032.319542 170.269688 
0.011000 0.050000 0.246000 246 191 870.391152 0.191000 4.557022 0.776423 32979.675838 172.668460 
0.011000 0.050000 0.246000 246 185 847.140221 0.185000 4.579136 0.752033 32333.144668 174.773755 
0.011000 0.050000 0.246000 246 183 822.825929 0.183000 4.496317 0.743902 32758.823522 179.009965 
0.011000 0.050000 0.246000 246 190 856.755783 0.190000 4.509241 0.772358 32539.449336 171.260260 
0.012000 0.050000 0.268000 268 193 1011.342676 0.193000 5.240117 0.720149 33994.467173 176.137136 
0.012000 0.050000 0.268000 268 194 909.731642 0.194000 4.689338 0.723881 33317.701781 171.740731 
0.012000 0.050000 0.268000 268 192 915.056043 0.192000 4.765917 0.716418 34685.721985 180.654802 
0.012000 0.050000 0.268000 268 190 858.598280 0.190000 4.518938 0.708955 33909.328551 178.470150 
0.012000 0.050000 0.268000 268 188 872.190226 0.188000 4.639310 0.701493 33462.834145 177.993799 
0.012000 0.050000 0.268000 268 191 912.009552 0.191000 4.774919 0.712687 34021.401692 178.122522 
0.012000 0.050000 0.268000 268 192 856.166970 0.192000 4.459203 0.716418 33864.437550 176.377279 
0.012000 0.050000 0.268000 268 193 964.642811 0.193000 4.998149 0.720149 34201.550004 177.210104 
0.012000 0.050000 0.268000 268 187 879.589329 0.187000 4.703686 0.697761 34616.455149 185.114733 
0.012000 0.050000 0.268000 268 194 915.485805 0.194000 4.718999 0.723881 33812.520584 174.291343 
0.013000 0.050000 0.289000 289 193 959.166343 0.193000 4.969774 0.667820 37466.456378 194.126717 
0.013000 0.050000 0.289000 289 194 957.092114 0.194000 4.933465 0.671280 37070.262533 191.083827 
0.013000 0.050000 0.289000 289 193 933.300483 0.193000 4.835754 0.667820 36982.712683 191.620273 
0.013000 0.050000 0.289000 289 183 874.584872 0.183000 4.779152 0.633218 37193.569439 203.243549 
0.013000 0.050000 0.289000 289 184 857.937223 0.184000 4.662702 0.636678 37409.376348 203.311828 
0.013000 0.050000 0.289000 289 191 953.007148 0.191000 4.989566 0.660900 37107.958331 194.282504 
0.013000 0.050000 0.289000 289 189 934.131300 0.189000 4.942494 0.653979 37363.296955 197.689402 
0.013000 0.050000 0.289000 289 192 966.026053 0.192000 5.031386 0.664360 36981.254474 192.610700 
0.013000 0.050000 0.289000 289 189 912.801719 0.189000 4.829639 0.653979 37486.861069 198.343180 
0.013000 0.050000 0.289000 289 189 926.303427 0.189000 4.901076 0.653979 37093.067557 196.259617 
0.014000 0.050000 0.312000 312 205 1074.882012 0.205000 5.243327 0.657051 35908.188049 175.161893 
0.014000 0.050000 0.312000 312 211 1202.322697 0.211000 5.698212 0.676282 36856.285300 174.674338 
0.014000 0.050000 0.312000 312 211 1090.747771 0.211000 5.169421 0.676282 36334.201327 172.200006 
0.014000 0.050000 0.312000 312 206 1095.937361 0.206000 5.320084 0.660256 36177.396117 175.618428 
0.014000 0.050000 0.312000 312 212 1278.751576 0.212000 6.031847 0.679487 36616.213696 172.717989 
0.014000 0.050000 0.312000 312 214 1113.316113 0.214000 5.202412 0.685897 37126.358808 173.487658 
0.014000 0.050000 0.312000 312 218 1252.854945 0.218000 5.747041 0.698718 36475.994509 167.321076 
0.014000 0.050000 0.312000 312 214 1027.795041 0.214000 4.802781 0.685897 36444.391892 170.300897 
0.014000 0.050000 0.312000 312 214 1245.830341 0.214000 5.821637 0.685897 36263.302320 169.454684 
0.014000 0.050000 0.312000 312 211 1170.399539 0.211000 5.546917 0.676282 36912.899778 174.942653 
0.015000 0.050000 0.332000 332 182 1310.904865 0.182000 7.202774 0.548193 39892.958750 219.192081 
0.015000 0.050000 0.332000 332 190 1423.951187 0.190000 7.494480 0.572289 40269.951184 211.947111 
0.015000 0.050000 0.332000 332 168 1215.026446 0.168000 7.232300 0.506024 40149.153896 238.983059 
0.015000 0.050000 0.332000 332 176 1322.885103 0.176000 7.516393 0.530120 39962.084763 227.057300 
0.015000 0.050000 0.332000 332 185 1193.511352 0.185000 6.451413 0.557229 40231.345569 217.466733 
0.015000 0.050000 0.332000 332 199 1464.423177 0.199000 7.358910 0.599398 40842.453059 205.238458 
0.015000 0.050000 0.332000 332 169 1244.336748 0.169000 7.362939 0.509036 39216.236180 232.048735 
0.015000 0.050000 0.332000 332 174 1391.436817 0.174000 7.996763 0.524096 40272.793615 231.452837 
0.015000 0.050000 0.332000 332 190 1427.732308 0.190000 7.514381 0.572289 40385.818335 212.556939 
0.015000 0.050000 0.332000 332 171 1243.768552 0.171000 7.273500 0.515060 39756.644246 232.494996 
0.016000 0.050000 0.353000 353 242 1149.667689 0.242000 4.750693 0.685552 44300.262964 183.058938 
0.016000 0.050000 0.353000 353 241 1137.607412 0.241000 4.720363 0.682720 44361.720496 184.073529 
0.016000 0.050000 0.353000 353 232 1083.801538 0.232000 4.671558 0.657224 43999.697622 189.653869 
0.016000 0.050000 0.353000 353 240 1168.802278 0.240000 4.870009 0.679887 43746.280544 182.276169 
0.016000 0.050000 0.353000 353 243 1196.567036 0.243000 4.924144 0.688385 44447.177390 182.910195 
0.016000 0.050000 0.353000 353 250 1208.791030 0.250000 4.835164 0.708215 43908.066647 175.632267 
0.016000 0.050000 0.353000 353 234 1121.701738 0.234000 4.793597 0.662890 44137.323197 188.621039 
0.016000 0.050000 0.353000 353 241 1122.896480 0.241000 4.659321 0.682720 44484.298353 184.582151 
0.016000 0.050000 0.353000 353 238 1187.630182 0.238000 4.990043 0.674221 44248.581575 185.918410 
0.016000 0.050000 0.353000 353 241 1124.901859 0.241000 4.667643 0.682720 44430.726613 184.359861 
0.017000 0.050000 0.376000 376 254 1246.363258 0.254000 4.906942 0.675532 46687.510966 183.809098 
0.017000 0.050000 0.376000 376 259 1291.280812 0.259000 4.985640 0.688830 46382.612210 179.083445 
0.017000 0.050000 0.376000 376 250 1229.612119 0.250000 4.918448 0.664894 46056.370650 184.225483 
0.017000 0.050000 0.376000 376 259 1432.319857 0.259000 5.530192 0.688830 46485.812196 179.481900 
0.017000 0.050000 0.376000 376 242 1177.192685 0.242000 4.864433 0.643617 46716.851665 193.044842 
0.017000 0.050000 0.376000 376 248 1203.251021 0.248000 4.851819 0.659574 46332.433323 186.824328 
0.017000 0.050000 0.376000 376 256 1358.478803 0.256000 5.306558 0.680851 46588.995691 181.988264 
0.017000 0.050000 0.376000 376 251 1253.464376 0.251000 4.993882 0.667553 46085.186018 183.606319 
0.017000 0.050000 0.376000 376 255 1471.165956 0.255000 5.769278 0.678191 46959.018784 184.153015 
0.017000 0.050000 0.376000 376 256 1236.145966 0.256000 4.828695 0.680851 46117.752196 180.147470 
0.018000 0.050000 0.398000 398 257 1329.660207 0.257000 5.173775 0.645729 44396.872833 172.750478 
0.018000 0.050000 0.398000 398 251 1228.139245 0.251000 4.892985 0.630653 45092.079105 179.649718 
0.018000 0.050000 0.398000 398 263 1343.649748 0.263000 5.108934 0.660804 44486.671637 169.150843 
0.018000 0.050000 0.398000 398 261 1401.707369 0.261000 5.370526 0.655779 44969.839140 172.298234 
0.018000 0.050000 0.398000 398 261 1329.791119 0.261000 5.094985 0.655779 44288.352917 169.687176 
0.018000 0.050000 0.398000 398 248 1242.618779 0.248000 5.010560 0.623116 44460.620217 179.276694 
0.018000 0.050000 0.398000 398 253 1266.754570 0.253000 5.006935 0.635678 44611.553121 176.330249 
0.018000 0.050000 0.398000 398 258 1281.717717 0.258000 4.967898 0.648241 45334.962178 175.716908 
0.018000 0.050000 0.398000 398 246 1193.313684 0.246000 4.850869 0.618090 44176.440001 179.579024 
0.018000 0.050000 0.398000 398 255 1323.409214 0.255000 5.189840 0.640704 44470.601596 174.394516 
0.019000 0.050000 0.420000 420 279 1635.782209 0.279000 5.863019 0.664286 47254.481266 169.370901 
0.019000 0.050000 0.420000 420 284 1701.988781 0.284000 5.992918 0.676190 47184.612357 166.143001 
0.019000 0.050000 0.420000 420 297 1669.287555 0.297000 5.620497 0.707143 47941.405324 161.418873 
0.019000 0.050000 0.420000 420 299 1635.594060 0.299000 5.470214 0.711905 47619.226336 159.261627 
0.019000 0.050000 0.420000 420 284 1455.122695 0.284000 5.123671 0.676190 47604.841486 167.622681 
0.019000 0.050000 0.420000 420 283 1623.247672 0.283000 5.735857 0.673810 47790.912804 168.872483 
0.019000 0.050000 0.420000 420 290 1746.817459 0.290000 6.023508 0.690476 47764.227146 164.704232 
0.019000 0.050000 0.420000 420 281 1507.147292 0.281000 5.363513 0.669048 47741.379404 169.898147 
0.019000 0.050000 0.420000 420 285 1565.164690 0.285000 5.491806 0.678571 47286.817580 165.918658 
0.019000 0.050000 0.420000 420 278 1548.808900 0.278000 5.571255 0.661905 46862.186277 168.569015 
0.020000 0.050000 0.442000 442 234 1469.618098 0.234000 6.280419 0.529412 51117.249739 218.449785 
0.020000 0.050000 0.442000 442 247 1723.852920 0.247000 6.979162 0.558824 51735.566810 209.455736 
0.020000 0.050000 0.442000 442 245 1659.108017 0.245000 6.771869 0.554299 51205.643672 209.002627 
0.020000 0.050000 0.442000 442 242 1552.777389 0.242000 6.416435 0.547511 51791.715224 214.015352 
0.020000 0.050000 0.442000 442 240 1564.762704 0.240000 6.519845 0.542986 51682.035840 215.341816 
0.020000 0.050000 0.442000 442 233 1630.665815 0.233000 6.998566 0.527149 51033.515641 219.027964 
0.020000 0.050000 0.442000 442 235 1564.118080 0.235000 6.655822 0.531674 51613.840483 219.633364 
0.020000 0.050000 0.442000 442 233 1391.153825 0.233000 5.970617 0.527149 51417.824991 220.677360 
0.020000 0.050000 0.442000 442 229 1562.583438 0.229000 6.823508 0.518100 50512.079709 220.576767 
0.020000 0.050000 0.442000 442 249 1625.610800 0.249000 6.528557 0.563348 51091.284032 205.185880 
0.021000 0.050000 0.463000 463 290 1425.060719 0.290000 4.914002 0.626350 55501.455025 191.384328 
0.021000 0.050000 0.463000 463 292 1424.768244 0.292000 4.879343 0.630670 55389.312174 189.689425 
0.021000 0.050000 0.463000 463 291 1376.809481 0.291000 4.731304 0.628510 55545.417069 190.877722 
0.021000 0.050000 0.463000 463 291 1420.473597 0.291000 4.881353 0.628510 55357.735764 190.232769 
0.021000 0.050000 0.463000 463 301 1487.410609 0.301000 4.941563 0.650108 55913.121979 185.757880 
0.021000 0.050000 0.463000 463 298 1440.452371 0.298000 4.833733 0.643629 55961.972096 187.791853 
0.021000 0.050000 0.463000 463 300 1462.634590 0.300000 4.875449 0.647948 55943.428733 186.478096 
0.021000 0.050000 0.463000 463 301 1488.284846 0.301000 4.944468 0.650108 55642.392053 184.858445 
0.021000 0.050000 0.463000 463 289 1391.681110 0.289000 4.815506 0.624190 55348.797998 191.518332 
0.021000 0.050000 0.463000 463 297 1452.478251 0.297000 4.890499 0.641469 55514.550298 186.917678 
0.022000 0.050000 0.486000 486 300 1957.231793 0.300000 6.524106 0.617284 56693.775645 188.979252 
0.022000 0.050000 0.486000 486 288 1804.843832 0.288000 6.266819 0.592593 56630.430178 196.633438 
0.022000 0.050000 0.486000 486 293 1695.742567 0.293000 5.787517 0.602881 55678.258442 190.028186 
0.022000 0.050000 0.486000 486 294 1678.442695 0.294000 5.708989 0.604938 55964.553910 190.355626 
0.022000 0.050000 0.486000 486 288 1808.040638 0.288000 6.277919 0.592593 56761.227256 197.087595 
0.022000 0.050000 0.486000 486 289 1676.450075 0.289000 5.800865 0.594650 55993.719174 193.749893 
0.022000 0.050000 0.486000 486 297 1819.459103 0.297000 6.126125 0.611111 56279.825156 189.494361 
0.022000 0.050000 0.486000 486 293 1710.540523 0.293000 5.838022 0.602881 56230.671136 191.913553 
0.022000 0.050000 0.486000 486 282 1723.807594 0.282000 6.112793 0.580247 56627.140049 200.805461 
0.022000 0.050000 0.486000 486 274 1560.393324 0.274000 5.694866 0.563786 56081.607967 204.677401 
0.023000 0.050000 0.507000 507 352 1832.495292 0.352000 5.205953 0.694280 56999.384637 161.930070 
0.023000 0.050000 0.507000 507 345 1778.492375 0.345000 5.155050 0.680473 56442.135383 163.600392 
0.023000 0.050000 0.507000 507 348 1786.395463 0.348000 5.133320 0.686391 57110.376220 164.110276 
0.023000 0.050000 0.507000 507 344 1924.850902 0.344000 5.595497 0.678501 57604.469061 167.454852 
0.023000 0.050000 0.507000 507 339 1850.877701 0.339000 5.459816 0.668639 57101.804072 168.441900 
0.023000 0.050000 0.507000 507 349 1843.576394 0.349000 5.282454 0.688363 57524.798886 164.827504 
0.023000 0.050000 0.507000 507 345 1835.186757 0.345000 5.319382 0.680473 56608.982509 164.084007 
0.023000 0.050000 0.507000 507 350 1876.092418 0.350000 5.360264 0.690335 56916.589376 162.618827 
0.023000 0.050000 0.507000 507 340 1837.769120 0.340000 5.405203 0.670611 58290.679039 171.443174 
0.023000 0.050000 0.507000 507 323 1679.678804 0.323000 5.200244 0.637081 56967.405891 176.369678 
0.024000 0.050000 0.529000 529 354 1810.590885 0.354000 5.114664 0.669187 54682.837143 154.471291 
0.024000 0.050000 0.529000 529 352 1756.269920 0.352000 4.989403 0.665406 55311.078887 157.133747 
0.024000 0.050000 0.529000 529 346 1597.664768 0.346000 4.617528 0.654064 54854.332688 158.538534 
0.024000 0.050000 0.529000 529 356 1700.586790 0.356000 4.776929 0.672968 54613.078246 153.407523 
0.024000 0.050000 0.529000 529 352 1632.791381 0.352000 4.638612 0.665406 54465.430405 154.731336 
0.024000 0.050000 0.529000 529 351 1855.791525 0.351000 5.287155 0.663516 54911.634552 156.443403 
0.024000 0.050000 0.529000 529 339 1588.573831 0.339000 4.686058 0.640832 55035.412993 162.346351 
0.024000 0.050000 0.529000 529 352 1661.373196 0.352000 4.719810 0.665406 54669.573054 155.311287 
0.024000 0.050000 0.529000 529 351 1654.931367 0.351000 4.714904 0.663516 54559.495808 155.440159 
0.024000 0.050000 0.529000 529 349 1733.392957 0.349000 4.966742 0.659735 54927.424240 157.385170 
0.025000 0.050000 0.552000 552 287 1810.258590 0.287000 6.307521 0.519928 63541.908953 221.400380 
0.025000 0.050000 0.552000 552 288 1824.149805 0.288000 6.333853 0.521739 61907.500987 214.956601 
0.025000 0.050000 0.552000 552 285 1823.720546 0.285000 6.399019 0.516304 62130.635620 218.002230 
0.025000 0.050000 0.552000 552 292 1872.381213 0.292000 6.412264 0.528986 62260.451529 213.220724 
0.025000 0.050000 0.552000 552 300 1829.342427 0.300000 6.097808 0.543478 62768.879166 209.229597 
0.025000 0.050000 0.552000 552 302 1762.827834 0.302000 5.837178 0.547101 62101.728438 205.634862 
0.025000 0.050000 0.552000 552 291 1836.280082 0.291000 6.310241 0.527174 62831.892562 215.917157 
0.025000 0.050000 0.552000 552 279 1560.679973 0.279000 5.593835 0.505435 62107.125892 222.606186 
0.025000 0.050000 0.552000 552 263 1532.755803 0.263000 5.827969 0.476449 61776.247823 234.890676 
0.025000 0.050000 0.552000 552 308 1971.491620 0.308000 6.400947 0.557971 61525.949208 199.759575 
0.026000 0.050000 0.573000 573 310 1738.121080 0.310000 5.606842 0.541012 65163.917966 210.206187 
0.026000 0.050000 0.573000 573 293 1622.851698 0.293000 5.538743 0.511344 65373.920785 223.119184 
0.026000 0.050000 0.573000 573 313 1649.184461 0.313000 5.268960 0.546248 65262.392140 208.506045 
0.026000 0.050000 0.573000 573 324 1832.523851 0.324000 5.655938 0.565445 65012.422038 200.655624 
0.026000 0.050000 0.573000 573 304 1659.182119 0.304000 5.457836 0.530541 65582.069930 215.730493 
0.026000 0.050000 0.573000 573 316 1761.451927 0.316000 5.574215 0.551483 64580.468736 204.368572 
0.026000 0.050000 0.573000 573 320 1759.990375 0.320000 5.499970 0.558464 64728.152805 202.275478 
0.026000 0.050000 0.573000 573 314 1778.368737 0.314000 5.663595 0.547993 65206.073990 207.662656 
0.026000 0.050000 0.573000 573 307 1714.558317 0.307000 5.584881 0.535777 65464.958243 213.240906 
0.026000 0.050000 0.573000 573 318 1705.698336 0.318000 5.363831 0.554974 64792.446970 203.749833 
0.027000 0.050000 0.594000 594 330 2001.366947 0.330000 6.064748 0.555556 63118.829747 191.269181 
0.027000 0.050000 0.594000 594 334 2030.470147 0.334000 6.079252 0.562290 62957.926183 188.496785 
0.027000 0.050000 0.594000 594 338 2048.140849 0.338000 6.059588 0.569024 64640.170768 191.243109 
0.027000 0.050000 0.594000 594 324 2156.392435 0.324000 6.655532 0.545455 64330.250787 198.550157 
0.027000 0.050000 0.594000 594 329 2015.911354 0.329000 6.127390 0.553872 62676.322169 190.505539 
0.027000 0.050000 0.594000 594 325 2096.864642 0.325000 6.451891 0.547138 63943.578780 196.749473 
0.027000 0.050000 0.594000 594 322 2197.351625 0.322000 6.824073 0.542088 64034.980017 198.866398 
0.027000 0.050000 0.594000 594 339 2233.743304 0.339000 6.589213 0.570707 63556.604415 187.482609 
0.027000 0.050000 0.594000 594 333 2364.828468 0.333000 7.101587 0.560606 63648.476166 191.136565 
0.027000 0.050000 0.594000 594 328 2053.128951 0.328000 6.259539 0.552189 62703.753402 191.169980 
0.028000 0.050000 0.616000 616 379 1958.682207 0.379000 5.168027 0.615260 66358.269883 175.087783 
0.028000 0.050000 0.616000 616 407 2209.956319 0.407000 5.429868 0.660714 65949.861812 162.038973 
0.028000 0.050000 0.616000 616 398 2071.541420 0.398000 5.204878 0.646104 66143.048092 166.188563 
0.028000 0.050000 0.616000 616 413 2163.155089 0.413000 5.237664 0.670455 66144.386604 160.155900 
0.028000 0.050000 0.616000 616 395 2073.897592 0.395000 5.250374 0.641234 67013.660503 169.654837 
0.028000 0.050000 0.616000 616 403 2203.827246 0.403000 5.468554 0.654221 66089.765408 163.994455 
0.028000 0.050000 0.616000 616 400 2071.427404 0.400000 5.178569 0.649351 66179.322345 165.448306 
0.028000 0.050000 0.616000 616 398 2125.994027 0.398000 5.341694 0.646104 66303.164723 166.590866 
0.028000 0.050000 0.616000 616 422 2127.580745 0.422000 5.041661 0.685065 65499.559348 155.212226 
0.028000 0.050000 0.616000 616 402 2078.047782 0.402000 5.169273 0.652597 66095.228664 164.415992 
0.029000 0.050000 0.637000 637 402 1887.564621 0.402000 4.695434 0.631083 65325.891153 162.502217 
0.029000 0.050000 0.637000 637 405 1911.258770 0.405000 4.719157 0.635793 65105.644969 160.754679 
0.029000 0.050000 0.637000 637 412 1981.811426 0.412000 4.810222 0.646782 65227.756983 158.319799 
0.029000 0.050000 0.637000 637 419 1950.699563 0.419000 4.655608 0.657771 65458.577458 156.225722 
0.029000 0.050000 0.637000 637 421 2191.591656 0.421000 5.205681 0.660911 65483.377519 155.542464 
0.029000 0.050000 0.637000 637 410 1869.769952 0.410000 4.560415 0.643642 64835.006282 158.134162 
0.029000 0.050000 0.637000 637 419 1922.923846 0.419000 4.589317 0.657771 64733.894058 154.496167 
0.029000 0.050000 0.637000 637 409 2042.392267 0.409000 4.993624 0.642072 65697.092366 160.628588 
0.029000 0.050000 0.637000 637 413 1996.738527 0.413000 4.834718 0.648352 65454.664296 158.485870 
0.029000 0.050000 0.637000 637 404 1998.161779 0.404000 4.945945 0.634223 65583.118141 162.334451 
0.030000 0.050000 0.659000 659 336 2052.739292 0.336000 6.109343 0.509863 72930.185046 217.054122 
0.030000 0.050000 0.659000 659 321 2013.591978 0.321000 6.272872 0.487102 72304.420112 225.247415 
0.030000 0.050000 0.659000 659 325 2038.522013 0.325000 6.272375 0.493171 72899.791495 224.307051 
0.030000 0.050000 0.659000 659 335 2075.403684 0.335000 6.195235 0.508346 71332.508105 212.932860 
0.030000 0.050000 0.659000 659 310 1913.978857 0.310000 6.174125 0.470410 72410.760645 233.583099 
0.030000 0.050000 0.659000 659 339 2166.498100 0.339000 6.390850 0.514416 71802.814733 211.807713 
0.030000 0.050000 0.659000 659 327 2154.214442 0.327000 6.587812 0.496206 72074.624469 220.411696 
0.030000 0.050000 0.659000 659 341 2369.875484 0.341000 6.949781 0.517451 72329.104662 212.108811 
0.030000 0.050000 0.659000 659 319 2177.152325 0.319000 6.824929 0.484067 72782.066003 228.156947 
0.030000 0.050000 0.659000 659 333 2087.593097 0.333000 6.269048 0.505311 72308.722202 217.143310 
0.031000 0.050000 0.683000 683 388 2471.040819 0.388000 6.368662 0.568082 73215.220712 188.699022 
0.031000 0.050000 0.683000 683 394 2515.511822 0.394000 6.384548 0.576867 72169.531493 183.171400 
0.031000 0.050000 0.683000 683 390 2537.195609 0.390000 6.505630 0.571010 73477.282094 188.403287 
0.031000 0.050000 0.683000 683 386 2464.379238 0.386000 6.384402 0.565154 72040.336748 186.632997 
0.031000 0.050000 0.683000 683 416 2526.270038 0.416000 6.072765 0.609078 72811.796400 175.028357 
0.031000 0.050000 0.683000 683 391 2514.476627 0.391000 6.430887 0.572474 73565.430516 188.146881 
0.031000 0.050000 0.683000 683 385 2315.496682 0.385000 6.014277 0.563690 71880.297732 186.702072 
0.031000 0.050000 0.683000 683 406 2402.380654 0.406000 5.917194 0.594436 72946.774822 179.671859 
0.031000 0.050000 0.683000 683 394 2328.702116 0.394000 5.910411 0.576867 72406.817133 183.773648 
0.031000 0.050000 0.683000 683 398 2431.167166 0.398000 6.108460 0.582723 73651.649041 185.054395 
0.032000 0.050000 0.703000 703 367 2562.367433 0.367000 6.981928 0.522048 73305.532323 199.742595 
0.032000 0.050000 0.703000 703 375 2640.501327 0.375000 7.041337 0.533428 74709.544325 199.225452 
0.032000 0.050000 0.703000 703 376 2646.218586 0.376000 7.037815 0.534851 74801.610526 198.940454 
0.032000 0.050000 0.703000 703 384 3246.420505 0.384000 8.454220 0.546230 75013.232509 195.346960 
0.032000 0.050000 0.703000 703 370 2476.650111 0.370000 6.693649 0.526316 74301.734852 200.815500 
0.032000 0.050000 0.703000 703 348 2260.167101 0.348000 6.494733 0.495021 73857.744872 212.234899 
0.032000 0.050000 0.703000 703 363 2587.524099 0.363000 7.128166 0.516358 75127.792171 206.963615 
0.032000 0.050000 0.703000 703 372 2761.294447 0.372000 7.422835 0.529161 74430.353226 200.081595 
0.032000 0.050000 0.703000 703 363 2713.169182 0.363000 7.474295 0.516358 74482.111084 205.184879 
0.032000 0.050000 0.703000 703 356 2460.231667 0.356000 6.910763 0.506401 73636.519458 206.844156 
