0.002000 0.050000 0.049000 49 43 2216.571990 0.043000 51.548186 0.877551 11539.191571 268.353292 
0.002000 0.050000 0.049000 49 43 1946.940630 0.043000 45.277689 0.877551 11461.323688 266.542411 
0.002000 0.050000 0.049000 49 41 2032.278476 0.041000 49.567768 0.836735 11251.356194 274.423322 
0.002000 0.050000 0.049000 49 43 2143.114409 0.043000 49.839870 0.877551 11560.538335 268.849729 
0.002000 0.050000 0.049000 49 43 2197.386556 0.043000 51.102013 0.877551 11624.642876 270.340532 
0.002000 0.050000 0.049000 49 42 2009.671634 0.042000 47.849325 0.857143 11407.806062 271.614430 
0.002000 0.050000 0.049000 49 43 2055.482318 0.043000 47.801914 0.877551 11656.625844 271.084322 
0.002000 0.050000 0.049000 49 42 2356.942504 0.042000 56.117679 0.857143 11415.927415 271.807796 
0.002000 0.050000 0.049000 49 43 1961.164193 0.043000 45.608470 0.877551 11551.788328 268.646240 
0.002000 0.050000 0.049000 49 42 1974.261301 0.042000 47.006221 0.857143 11277.688053 268.516382 
0.003000 0.050000 0.073000 73 61 2346.493075 0.061000 38.467100 0.835616 13266.043524 217.476123 
0.003000 0.050000 0.073000 73 62 2432.160070 0.062000 39.228388 0.849315 13298.949205 214.499181 
0.003000 0.050000 0.073000 73 62 2271.791249 0.062000 36.641794 0.849315 13277.456478 214.152524 
0.003000 0.050000 0.073000 73 62 2369.745810 0.062000 38.221707 0.849315 13378.136374 215.776393 
0.003000 0.050000 0.073000 73 61 2203.990912 0.061000 36.130999 0.835616 13182.820617 216.111813 
0.003000 0.050000 0.073000 73 59 2111.292994 0.059000 35.784627 0.808219 12969.751348 219.826294 
0.003000 0.050000 0.073000 73 59 2405.876479 0.059000 40.777567 0.808219 13114.587096 222.281137 
0.003000 0.050000 0.073000 73 60 2517.267815 0.060000 41.954464 0.821918 13201.761536 220.029359 
0.003000 0.050000 0.073000 73 62 2319.618012 0.062000 37.413194 0.849315 13172.287467 212.456249 
0.003000 0.050000 0.073000 73 61 2635.683507 0.061000 43.207926 0.835616 13786.388801 226.006374 
0.004000 0.050000 0.093000 93 80 2522.903944 0.080000 31.536299 0.860215 14859.410112 185.742626 
0.004000 0.050000 0.093000 93 79 2777.530018 0.079000 35.158608 0.849462 15237.424402 192.878790 
0.004000 0.050000 0.093000 93 79 2758.843059 0.079000 34.922064 0.849462 15062.065360 190.659055 
0.004000 0.050000 0.093000 93 79 2837.840447 0.079000 35.922031 0.849462 14973.641444 189.539765 
0.004000 0.050000 0.093000 93 79 2936.672685 0.079000 37.173072 0.849462 14817.722917 187.566113 
0.004000 0.050000 0.093000 93 79 2629.198210 0.079000 33.280990 0.849462 15100.819636 191.149616 
0.004000 0.050000 0.093000 93 78 2573.878651 0.078000 32.998444 0.838710 14981.276182 192.067643 
0.004000 0.050000 0.093000 93 79 2662.753001 0.079000 33.705734 0.849462 15208.147214 192.508193 
0.004000 0.050000 0.093000 93 79 2853.553544 0.079000 36.120931 0.849462 14930.828000 188.997823 
0.004000 0.050000 0.093000 93 77 2858.343208 0.077000 37.121340 0.827957 14949.619529 194.150903 
0.005000 0.050000 0.113000 113 96 5365.116380 0.096000 55.886629 0.849558 17153.884456 178.686296 
0.005000 0.050000 0.113000 113 95 4757.713670 0.095000 50.081197 0.840708 16940.984749 178.326155 
0.005000 0.050000 0.113000 113 95 4630.117628 0.095000 48.738080 0.840708 16768.534950 176.510894 
0.005000 0.050000 0.113000 113 96 4900.744189 0.096000 51.049419 0.849558 17578.214075 183.106397 
0.005000 0.050000 0.113000 113 95 4801.112333 0.095000 50.538025 0.840708 16877.833331 177.661403 
0.005000 0.050000 0.113000 113 96 4636.051654 0.096000 48.292205 0.849558 16855.864394 175.581921 
0.005000 0.050000 0.113000 113 95 4878.796324 0.095000 51.355751 0.840708 16820.564245 177.058571 
0.005000 0.050000 0.113000 113 94 5303.651909 0.094000 56.421829 0.831858 16981.198904 180.651052 
0.005000 0.050000 0.113000 113 95 4759.808072 0.095000 50.103243 0.840708 17265.621626 181.743386 
0.005000 0.050000 0.113000 113 96 4864.037685 0.096000 50.667059 0.849558 16870.989993 175.739479 
0.006000 0.050000 0.139000 139 118 4055.452188 0.118000 34.368239 0.848921 19123.108474 162.060241 
0.006000 0.050000 0.139000 139 116 4385.398397 0.116000 37.805159 0.834532 18974.564986 163.573836 
0.006000 0.050000 0.139000 139 117 4753.682243 0.117000 40.629763 0.841727 19191.603191 164.030797 
0.006000 0.050000 0.139000 139 117 4789.439013 0.117000 40.935376 0.841727 18952.515340 161.987311 
0.006000 0.050000 0.139000 139 116 3891.157292 0.116000 33.544459 0.834532 18946.279583 163.329996 
0.006000 0.050000 0.139000 139 117 3856.759218 0.117000 32.963754 0.841727 18942.059283 161.897943 
0.006000 0.050000 0.139000 139 115 3988.647967 0.115000 34.683895 0.827338 18352.818166 159.589723 
0.006000 0.050000 0.139000 139 113 3941.662005 0.113000 34.881965 0.812950 18644.632245 164.996746 
0.006000 0.050000 0.139000 139 116 3858.853890 0.116000 33.265982 0.834532 18595.880816 160.309317 
0.006000 0.050000 0.139000 139 116 4022.380704 0.116000 34.675696 0.834532 18792.220846 162.001904 
0.007000 0.050000 0.159000 159 133 6573.659446 0.133000 49.426011 0.836478 21219.444196 159.544693 
0.007000 0.050000 0.159000 159 130 5667.911136 0.130000 43.599316 0.817610 21073.485307 162.103733 
0.007000 0.050000 0.159000 159 132 4636.540103 0.132000 35.125304 0.830189 20398.536645 154.534369 
0.007000 0.050000 0.159000 159 131 6271.688557 0.131000 47.875485 0.823899 20951.756781 159.937075 
0.007000 0.050000 0.159000 159 133 5423.341929 0.133000 40.777007 0.836478 20722.113745 155.805367 
0.007000 0.050000 0.159000 159 132 6802.672181 0.132000 51.535395 0.830189 20867.077101 158.083917 
0.007000 0.050000 0.159000 159 133 6941.951841 0.133000 52.195127 0.836478 20906.958013 157.195173 
0.007000 0.050000 0.159000 159 134 6134.756768 0.134000 45.781767 0.842767 21204.393417 158.241742 
0.007000 0.050000 0.159000 159 134 4082.728082 0.134000 30.468120 0.842767 20338.545889 151.780193 
0.007000 0.050000 0.159000 159 132 5827.950809 0.132000 44.151142 0.830189 20869.047856 158.098847 
0.008000 0.050000 0.181000 181 151 6930.560657 0.151000 45.897753 0.834254 22197.343032 147.002272 
0.008000 0.050000 0.181000 181 149 7107.391046 0.149000 47.700611 0.823204 22224.356545 149.156755 
0.008000 0.050000 0.181000 181 147 6619.649276 0.147000 45.031628 0.812155 22376.158347 152.218764 
0.008000 0.050000 0.181000 181 149 7173.710603 0.149000 48.145709 0.823204 22635.399555 151.915433 
0.008000 0.050000 0.181000 181 149 6600.237218 0.149000 44.296894 0.823204 22213.655974 149.084939 
0.008000 0.050000 0.181000 181 149 7739.677282 0.149000 51.944143 0.823204 22072.119713 148.135032 
0.008000 0.050000 0.181000 181 153 6639.280371 0.153000 43.393989 0.845304 22656.995662 148.084939 
0.008000 0.050000 0.181000 181 150 6171.887884 0.150000 41.145919 0.828729 21981.663951 146.544426 
0.008000 0.050000 0.181000 181 151 7598.962917 0.151000 50.324258 0.834254 22306.980953 147.728351 
0.008000 0.050000 0.181000 181 151 7043.087438 0.151000 46.642963 0.834254 22471.587712 148.818462 
0.009000 0.050000 0.203000 203 167 11074.764527 0.167000 66.315955 0.822660 25192.266823 150.851897 
0.009000 0.050000 0.203000 203 168 11775.845214 0.168000 70.094317 0.827586 24175.792072 143.903524 
0.009000 0.050000 0.203000 203 163 8071.642532 0.163000 49.519279 0.802956 23833.201511 146.215960 
0.009000 0.050000 0.203000 203 160 11865.025030 0.160000 74.156406 0.788177 24306.856481 151.917853 
0.009000 0.050000 0.203000 203 162 11910.378319 0.162000 73.520854 0.798030 24434.572070 150.830692 
0.009000 0.050000 0.203000 203 168 10235.775359 0.168000 60.927234 0.827586 24256.596514 144.384503 
0.009000 0.050000 0.203000 203 165 9403.638516 0.165000 56.991749 0.812808 24330.590867 147.458126 
0.009000 0.050000 0.203000 203 163 9056.044108 0.163000 55.558553 0.802956 23997.188990 147.222018 
0.009000 0.050000 0.203000 203 163 11906.472813 0.163000 73.045845 0.802956 24277.017975 148.938761 
0.009000 0.050000 0.203000 203 168 12069.993514 0.168000 71.845199 0.827586 24660.105799 146.786344 
0.010000 0.050000 0.223000 223 176 18428.566793 0.176000 104.707766 0.789238 25642.994770 145.698834 
0.010000 0.050000 0.223000 223 175 13042.707645 0.175000 74.529758 0.784753 25522.300626 145.841718 
0.010000 0.050000 0.223000 223 180 12930.156778 0.180000 71.834204 0.807175 25752.887833 143.071599 
0.010000 0.050000 0.223000 223 175 19049.760140 0.175000 108.855772 0.784753 26171.800177 149.553144 
0.010000 0.050000 0.223000 223 179 19781.355648 0.179000 110.510367 0.802691 26940.819476 150.507371 
0.010000 0.050000 0.223000 223 174 15827.825398 0.174000 90.964514 0.780269 25278.749066 145.280167 
0.010000 0.050000 0.223000 223 176 14685.355654 0.176000 83.439521 0.789238 25199.654189 143.179853 
0.010000 0.050000 0.223000 223 183 17268.074287 0.183000 94.361062 0.820628 26490.924349 144.759149 
0.010000 0.050000 0.223000 223 180 13423.355699 0.180000 74.574198 0.807175 26037.372025 144.652067 
0.010000 0.050000 0.223000 223 173 15887.446418 0.173000 91.834950 0.775785 25510.603483 147.460136 
0.011000 0.050000 0.247000 247 189 18233.939857 0.189000 96.475872 0.765182 26498.430119 140.203334 
0.011000 0.050000 0.247000 247 188 21403.420680 0.188000 113.847982 0.761134 26740.565602 142.237051 
0.011000 0.050000 0.247000 247 184 20553.516276 0.184000 111.703893 0.744939 27385.002263 148.831534 
0.011000 0.050000 0.247000 247 191 16725.083485 0.191000 87.565882 0.773279 26791.502385 140.269646 
0.011000 0.050000 0.247000 247 186 23649.936509 0.186000 127.150196 0.753036 27162.747400 146.036276 
0.011000 0.050000 0.247000 247 183 20137.416419 0.183000 110.040527 0.740891 26693.419962 145.865683 
0.011000 0.050000 0.247000 247 183 26346.518016 0.183000 143.970044 0.740891 27067.542455 147.910068 
0.011000 0.050000 0.247000 247 188 20768.019720 0.188000 110.468190 0.761134 26448.912283 140.685704 
0.011000 0.050000 0.247000 247 194 16140.869803 0.194000 83.200360 0.785425 26790.528747 138.095509 
0.011000 0.050000 0.247000 247 181 19435.430819 0.181000 107.378071 0.732794 26085.853678 144.120739 
0.012000 0.050000 0.269000 269 196 25770.703169 0.196000 131.483179 0.728625 28135.058626 143.546217 
0.012000 0.050000 0.269000 269 188 27971.239368 0.188000 148.783188 0.698885 27080.895669 144.047317 
0.012000 0.050000 0.269000 269 192 27473.927654 0.192000 143.093373 0.713755 27491.974893 143.187369 
0.012000 0.050000 0.269000 269 201 27326.131877 0.201000 135.950905 0.747212 28242.073287 140.507827 
0.012000 0.050000 0.269000 269 190 31597.106469 0.190000 166.300560 0.706320 27941.269896 147.059315 
0.012000 0.050000 0.269000 269 190 19574.152169 0.190000 103.021854 0.706320 27271.231942 143.532800 
0.012000 0.050000 0.269000 269 194 26110.027822 0.194000 134.587772 0.721190 27788.735148 143.240903 
0.012000 0.050000 0.269000 269 201 22653.357050 0.201000 112.703269 0.747212 27558.633668 137.107630 
0.012000 0.050000 0.269000 269 194 23391.173759 0.194000 120.573061 0.721190 27710.318873 142.836695 
0.012000 0.050000 0.269000 269 191 23010.662321 0.191000 120.474672 0.710037 27559.583450 144.291013 
0.013000 0.050000 0.291000 291 196 39933.659456 0.196000 203.743160 0.673540 28537.663588 145.600324 
0.013000 0.050000 0.291000 291 202 30998.661682 0.202000 153.458721 0.694158 28867.398896 142.907915 
0.013000 0.050000 0.291000 291 197 31922.493558 0.197000 162.043115 0.676976 27813.829988 141.186954 
0.013000 0.050000 0.291000 291 194 32564.700247 0.194000 167.859280 0.666667 28309.496998 145.925242 
0.013000 0.050000 0.291000 291 188 36894.945010 0.188000 196.249708 0.646048 28239.561151 150.210432 
0.013000 0.050000 0.291000 291 199 32620.823990 0.199000 163.923739 0.683849 28008.565589 140.746561 
0.013000 0.050000 0.291000 291 194 27660.551722 0.194000 142.580164 0.666667 27567.357948 142.099783 
0.013000 0.050000 0.291000 291 187 34651.252740 0.187000 185.300817 0.642612 27930.488283 149.360900 
0.013000 0.050000 0.291000 291 202 34719.423875 0.202000 171.878336 0.694158 28473.985302 140.960323 
0.013000 0.050000 0.291000 291 201 27064.774263 0.201000 134.650618 0.690722 28321.007029 140.900532 
0.014000 0.050000 0.313000 313 196 38406.069404 0.196000 195.949334 0.626198 28342.451688 144.604345 
0.014000 0.050000 0.313000 313 199 39333.525746 0.199000 197.655908 0.635783 28927.797321 145.365816 
0.014000 0.050000 0.313000 313 197 38467.654708 0.197000 195.267283 0.629393 28322.866047 143.770894 
0.014000 0.050000 0.313000 313 211 32786.125018 0.211000 155.384479 0.674121 28944.409542 137.177296 
0.014000 0.050000 0.313000 313 190 40780.096263 0.190000 214.632086 0.607029 28498.260318 149.990844 
0.014000 0.050000 0.313000 313 200 31331.868929 0.200000 156.659345 0.638978 28033.745220 140.168726 
0.014000 0.050000 0.313000 313 204 36582.512029 0.204000 179.326039 0.651757 28524.197861 139.824499 
0.014000 0.050000 0.313000 313 198 36191.617585 0.198000 182.785947 0.632588 29121.873439 147.080169 
0.014000 0.050000 0.313000 313 207 35819.364378 0.207000 173.040408 0.661342 29517.713296 142.597649 
0.014000 0.050000 0.313000 313 202 39851.476526 0.202000 197.284537 0.645367 28668.466915 141.923104 
0.015000 0.050000 0.333000 333 212 36112.808878 0.212000 170.343438 0.636637 29538.493931 139.332519 
0.015000 0.050000 0.333000 333 211 37994.219721 0.211000 180.067392 0.633634 29179.933088 138.293522 
0.015000 0.050000 0.333000 333 193 45348.664285 0.193000 234.967172 0.579580 29435.127083 152.513612 
0.015000 0.050000 0.333000 333 221 40333.267025 0.221000 182.503471 0.663664 29887.417168 135.237182 
0.015000 0.050000 0.333000 333 211 40369.612678 0.211000 191.325179 0.633634 29547.874577 140.037320 
0.015000 0.050000 0.333000 333 207 47631.388367 0.207000 230.103325 0.621622 29453.341851 142.286676 
0.015000 0.050000 0.333000 333 215 38637.360192 0.215000 179.708652 0.645646 29711.424326 138.192671 
0.015000 0.050000 0.333000 333 205 39954.421855 0.205000 194.899619 0.615616 29527.702034 144.037571 
0.015000 0.050000 0.333000 333 213 43379.217222 0.213000 203.658297 0.639640 29847.094413 140.127204 
0.015000 0.050000 0.333000 333 212 47231.309492 0.212000 222.789196 0.636637 30442.218228 143.595369 
0.016000 0.050000 0.355000 355 217 35524.341236 0.217000 163.706642 0.611268 30013.021707 138.308856 
0.016000 0.050000 0.355000 355 210 48542.713527 0.210000 231.155779 0.591549 29857.024318 142.176306 
0.016000 0.050000 0.355000 355 212 45283.376703 0.212000 213.600834 0.597183 29576.230471 139.510521 
0.016000 0.050000 0.355000 355 220 43737.918183 0.220000 198.808719 0.619718 30158.515640 137.084162 
0.016000 0.050000 0.355000 355 199 47236.869345 0.199000 237.371203 0.560563 29410.561842 147.791768 
0.016000 0.050000 0.355000 355 218 37295.009294 0.218000 171.078024 0.614085 29682.174473 136.156764 
0.016000 0.050000 0.355000 355 215 42655.889332 0.215000 198.399485 0.605634 30196.175010 140.447326 
0.016000 0.050000 0.355000 355 215 48477.171316 0.215000 225.475215 0.605634 29808.901702 138.646054 
0.016000 0.050000 0.355000 355 207 41699.082459 0.207000 201.444843 0.583099 28989.381597 140.045322 
0.016000 0.050000 0.355000 355 208 44624.896704 0.208000 214.542773 0.585915 30054.098356 144.490857 
0.017000 0.050000 0.377000 377 218 54896.558222 0.218000 251.819074 0.578249 30349.524635 139.218003 
0.017000 0.050000 0.377000 377 218 51077.974364 0.218000 234.302635 0.578249 30440.231351 139.634089 
0.017000 0.050000 0.377000 377 219 50091.366345 0.219000 228.727700 0.580902 30479.361476 139.175167 
0.017000 0.050000 0.377000 377 219 41441.008943 0.219000 189.228351 0.580902 29761.166258 135.895736 
0.017000 0.050000 0.377000 377 214 45829.508938 0.214000 214.156584 0.567639 30258.677070 141.395687 
0.017000 0.050000 0.377000 377 230 48577.759354 0.230000 211.207649 0.610080 31380.433163 136.436666 
0.017000 0.050000 0.377000 377 206 40871.471965 0.206000 198.405204 0.546419 29301.452358 142.240060 
0.017000 0.050000 0.377000 377 204 47947.470311 0.204000 235.036619 0.541114 29718.462776 145.678739 
0.017000 0.050000 0.377000 377 209 47630.463818 0.209000 227.896956 0.554377 29172.988966 139.583679 
0.017000 0.050000 0.377000 377 218 52757.261417 0.218000 242.005786 0.578249 30213.440694 138.593765 
0.018000 0.050000 0.399000 399 223 53269.312448 0.223000 238.875841 0.558897 30367.982967 136.179296 
0.018000 0.050000 0.399000 399 221 45329.877664 0.221000 205.112569 0.553885 30574.928751 138.348094 
0.018000 0.050000 0.399000 399 222 54403.801078 0.222000 245.062167 0.556391 30540.027540 137.567692 
0.018000 0.050000 0.399000 399 211 63072.480060 0.211000 298.921706 0.528822 29896.870167 141.691328 
0.018000 0.050000 0.399000 399 218 48564.609465 0.218000 222.773438 0.546366 30093.668465 138.044351 
0.018000 0.050000 0.399000 399 223 44707.613566 0.223000 200.482572 0.558897 30360.846936 136.147296 
0.018000 0.050000 0.399000 399 222 52638.689457 0.222000 237.111214 0.556391 30779.923695 138.648305 
0.018000 0.050000 0.399000 399 223 48843.078311 0.223000 219.027257 0.558897 30887.133317 138.507324 
0.018000 0.050000 0.399000 399 219 52583.600283 0.219000 240.107764 0.548872 30838.304228 140.814175 
0.018000 0.050000 0.399000 399 207 60507.553425 0.207000 292.307021 0.518797 29072.665488 140.447659 
0.019000 0.050000 0.423000 423 215 63598.968277 0.215000 295.809155 0.508274 30493.779258 141.831531 
0.019000 0.050000 0.423000 423 234 56930.697201 0.234000 243.293578 0.553191 31547.576558 134.818703 
0.019000 0.050000 0.423000 423 218 57320.227733 0.218000 262.936824 0.515366 30088.379810 138.020091 
0.019000 0.050000 0.423000 423 216 60003.829992 0.216000 277.795509 0.510638 30646.662547 141.882697 
0.019000 0.050000 0.423000 423 207 55103.032921 0.207000 266.198227 0.489362 29848.868959 144.197435 
0.019000 0.050000 0.423000 423 221 54866.638602 0.221000 248.265333 0.522459 31129.027830 140.855330 
0.019000 0.050000 0.423000 423 221 55369.049694 0.221000 250.538686 0.522459 31068.658422 140.582165 
0.019000 0.050000 0.423000 423 222 47509.251353 0.222000 214.005637 0.524823 31050.745911 139.868225 
0.019000 0.050000 0.423000 423 218 54981.635824 0.218000 252.209339 0.515366 30482.460747 139.827802 
0.019000 0.050000 0.423000 423 213 46997.751702 0.213000 220.646722 0.503546 29517.093601 138.577904 
0.020000 0.050000 0.443000 443 224 59258.595068 0.224000 264.547299 0.505643 31336.855364 139.896676 
0.020000 0.050000 0.443000 443 237 65104.159502 0.237000 274.701095 0.534989 32078.300916 135.351481 
0.020000 0.050000 0.443000 443 218 54946.444316 0.218000 252.047910 0.492099 30813.343016 141.345610 
0.020000 0.050000 0.443000 443 230 47722.514620 0.230000 207.489194 0.519187 30449.144837 132.387586 
0.020000 0.050000 0.443000 443 227 57771.250418 0.227000 254.498901 0.512415 31296.717903 137.871004 
0.020000 0.050000 0.443000 443 216 56433.429577 0.216000 261.265878 0.487585 30596.530608 141.650605 
0.020000 0.050000 0.443000 443 239 56173.300601 0.239000 235.034731 0.539503 31825.290223 133.160210 
0.020000 0.050000 0.443000 443 215 62797.434672 0.215000 292.081091 0.485327 30390.852776 141.352804 
0.020000 0.050000 0.443000 443 239 70246.888992 0.239000 293.920038 0.539503 32043.753529 134.074283 
0.020000 0.050000 0.443000 443 219 58354.294285 0.219000 266.457965 0.494357 30322.214445 138.457600 
0.021000 0.050000 0.465000 465 232 49990.585010 0.232000 215.476660 0.498925 31700.847205 136.641583 
0.021000 0.050000 0.465000 465 244 48697.083068 0.244000 199.578209 0.524731 32208.083128 132.000341 
0.021000 0.050000 0.465000 465 238 59310.207182 0.238000 249.202551 0.511828 31390.802954 131.894130 
0.021000 0.050000 0.465000 465 227 66688.012672 0.227000 293.779792 0.488172 31183.289396 137.371319 
0.021000 0.050000 0.465000 465 242 59296.934683 0.242000 245.028656 0.520430 32025.459599 132.336610 
0.021000 0.050000 0.465000 465 233 64734.232304 0.233000 277.829323 0.501075 31683.653127 135.981344 
0.021000 0.050000 0.465000 465 221 60433.847530 0.221000 273.456324 0.475269 31139.312316 140.901866 
0.021000 0.050000 0.465000 465 241 55411.177373 0.241000 229.921898 0.518280 32290.533313 133.985615 
0.021000 0.050000 0.465000 465 220 68471.119794 0.220000 311.232363 0.473118 30918.755284 140.539797 
0.021000 0.050000 0.465000 465 215 62741.740463 0.215000 291.822049 0.462366 30627.978501 142.455714 
0.022000 0.050000 0.487000 487 230 70217.248775 0.230000 305.292386 0.472279 31768.345598 138.123242 
0.022000 0.050000 0.487000 487 224 55852.207323 0.224000 249.340211 0.459959 31199.107890 139.281732 
0.022000 0.050000 0.487000 487 229 69323.332957 0.229000 302.721978 0.470226 31146.484363 136.010849 
0.022000 0.050000 0.487000 487 236 66040.883776 0.236000 279.834253 0.484600 32141.573143 136.193107 
0.022000 0.050000 0.487000 487 211 68098.193374 0.211000 322.740253 0.433265 30383.159447 143.996016 
0.022000 0.050000 0.487000 487 228 60981.705798 0.228000 267.463622 0.468172 31185.515507 136.778577 
0.022000 0.050000 0.487000 487 235 56319.127430 0.235000 239.655861 0.482546 31716.707874 134.964714 
0.022000 0.050000 0.487000 487 218 60184.672699 0.218000 276.076480 0.447639 30835.074226 141.445295 
0.022000 0.050000 0.487000 487 230 60298.286226 0.230000 262.166462 0.472279 31651.790255 137.616479 
0.022000 0.050000 0.487000 487 227 65598.013738 0.227000 288.978034 0.466119 31216.572205 137.517939 
0.023000 0.050000 0.508000 508 245 59823.538692 0.245000 244.177709 0.482283 32191.830403 131.395226 
0.023000 0.050000 0.508000 508 229 54256.649009 0.229000 236.928598 0.450787 32162.748002 140.448681 
0.023000 0.050000 0.508000 508 225 72895.699887 0.225000 323.980888 0.442913 30864.503638 137.175572 
0.023000 0.050000 0.508000 508 249 62025.882353 0.249000 249.099929 0.490157 32075.270897 128.816349 
0.023000 0.050000 0.508000 508 234 63738.455663 0.234000 272.386563 0.460630 32062.401995 137.018812 
0.023000 0.050000 0.508000 508 233 58149.625293 0.233000 249.569207 0.458661 31991.872484 137.304174 
0.023000 0.050000 0.508000 508 212 69243.971479 0.212000 326.622507 0.417323 30547.860043 144.093679 
0.023000 0.050000 0.508000 508 208 69946.755501 0.208000 336.282478 0.409449 30206.519862 145.223653 
0.023000 0.050000 0.508000 508 234 65892.303322 0.234000 281.591040 0.460630 31951.825838 136.546264 
0.023000 0.050000 0.508000 508 226 63364.616793 0.226000 280.374411 0.444882 31482.544112 139.303293 
0.024000 0.050000 0.531000 531 243 65749.675730 0.243000 270.574797 0.457627 33037.298005 135.955959 
0.024000 0.050000 0.531000 531 235 66696.169968 0.235000 283.813489 0.442561 32197.427232 137.010329 
0.024000 0.050000 0.531000 531 223 78317.289430 0.223000 351.198607 0.419962 31469.806733 141.120210 
0.024000 0.050000 0.531000 531 248 71166.338605 0.248000 286.961043 0.467043 32900.683850 132.664048 
0.024000 0.050000 0.531000 531 227 78785.116545 0.227000 347.070998 0.427495 31521.899901 138.862995 
0.024000 0.050000 0.531000 531 229 72258.078762 0.229000 315.537462 0.431262 32062.014871 140.008799 
0.024000 0.050000 0.531000 531 238 74680.821541 0.238000 313.784964 0.448211 32559.564671 136.804894 
0.024000 0.050000 0.531000 531 237 76071.352578 0.237000 320.976171 0.446328 31789.770091 134.134051 
0.024000 0.050000 0.531000 531 249 62364.909221 0.249000 250.461483 0.468927 32394.132998 130.096920 
0.024000 0.050000 0.531000 531 230 60906.099093 0.230000 264.809126 0.433145 32036.475188 139.289023 
0.025000 0.050000 0.553000 553 222 77227.637510 0.222000 347.872241 0.401447 32131.312395 144.735641 
0.025000 0.050000 0.553000 553 244 68646.541865 0.244000 281.338286 0.441230 33128.439390 135.772293 
0.025000 0.050000 0.553000 553 230 64935.619233 0.230000 282.328779 0.415913 31908.252414 138.731532 
0.025000 0.050000 0.553000 553 230 65709.516642 0.230000 285.693551 0.415913 30932.190835 134.487786 
0.025000 0.050000 0.553000 553 247 72521.406766 0.247000 293.608934 0.446655 32966.597044 133.468004 
0.025000 0.050000 0.553000 553 241 74999.957320 0.241000 311.203142 0.435805 32129.981409 133.319425 
0.025000 0.050000 0.553000 553 228 78806.136473 0.228000 345.640949 0.412297 31686.929481 138.977761 
0.025000 0.050000 0.553000 553 229 67771.873622 0.229000 295.947046 0.414105 30989.963342 135.327351 
0.025000 0.050000 0.553000 553 226 79482.035434 0.226000 351.690422 0.408680 31685.406940 140.200916 
0.025000 0.050000 0.553000 553 237 69796.679632 0.237000 294.500758 0.428571 32179.817073 135.779819 
0.026000 0.050000 0.575000 575 233 83700.492563 0.233000 359.229582 0.405217 31354.184634 134.567316 
0.026000 0.050000 0.575000 575 259 73199.457252 0.259000 282.623387 0.450435 33711.018443 130.158372 
0.026000 0.050000 0.575000 575 233 84623.966803 0.233000 363.192991 0.405217 31557.317367 135.439130 
0.026000 0.050000 0.575000 575 220 64324.519858 0.220000 292.384181 0.382609 31238.394341 141.992702 
0.026000 0.050000 0.575000 575 232 71548.035452 0.232000 308.396705 0.403478 31573.289527 136.091765 
0.026000 0.050000 0.575000 575 247 65541.524973 0.247000 265.350304 0.429565 32979.124772 133.518724 
0.026000 0.050000 0.575000 575 234 70066.613474 0.234000 299.429972 0.406957 32499.313002 138.885953 
0.026000 0.050000 0.575000 575 245 63899.425262 0.245000 260.813981 0.426087 32539.768205 132.815380 
0.026000 0.050000 0.575000 575 237 69307.614785 0.237000 292.437193 0.412174 32508.032845 137.164696 
0.026000 0.050000 0.575000 575 246 81531.284303 0.246000 331.427985 0.427826 32774.697310 133.230477 
0.027000 0.050000 0.597000 597 236 73401.059833 0.236000 311.021440 0.395310 32237.043270 136.597641 
0.027000 0.050000 0.597000 597 238 84266.118925 0.238000 354.059323 0.398660 32913.913121 138.293753 
0.027000 0.050000 0.597000 597 240 76959.427544 0.240000 320.664281 0.402010 32321.854666 134.674394 
0.027000 0.050000 0.597000 597 239 74076.975483 0.239000 309.945504 0.400335 32622.455263 136.495629 
0.027000 0.050000 0.597000 597 246 80817.986687 0.246000 328.528401 0.412060 32391.212388 131.671595 
0.027000 0.050000 0.597000 597 226 88836.959477 0.226000 393.083891 0.378559 31191.318214 138.014682 
0.027000 0.050000 0.597000 597 239 83307.046861 0.239000 348.565050 0.400335 32370.634952 135.441987 
0.027000 0.050000 0.597000 597 230 82445.966858 0.230000 358.460725 0.385260 31291.947146 136.051944 
0.027000 0.050000 0.597000 597 253 74035.867483 0.253000 292.631887 0.423786 33206.480319 131.250910 
0.027000 0.050000 0.597000 597 237 72085.537978 0.237000 304.158388 0.396985 31601.011508 133.337601 
0.028000 0.050000 0.617000 617 237 76567.300603 0.237000 323.068779 0.384117 32791.836542 138.362180 
0.028000 0.050000 0.617000 617 243 72538.226627 0.243000 298.511221 0.393841 33098.731702 136.208772 
0.028000 0.050000 0.617000 617 264 73283.932053 0.264000 277.590652 0.427877 33732.802278 127.775766 
0.028000 0.050000 0.617000 617 254 80566.443404 0.254000 317.190722 0.411669 33805.847141 133.093886 
0.028000 0.050000 0.617000 617 260 78187.135408 0.260000 300.719752 0.421394 33484.574438 128.786825 
0.028000 0.050000 0.617000 617 240 94782.570642 0.240000 394.927378 0.388979 32763.007894 136.512533 
0.028000 0.050000 0.617000 617 227 90076.365844 0.227000 396.812184 0.367909 31134.762198 137.157543 
0.028000 0.050000 0.617000 617 263 78233.667507 0.263000 297.466416 0.426256 33909.490853 128.933425 
0.028000 0.050000 0.617000 617 236 82060.055655 0.236000 347.712100 0.382496 31790.295915 134.704644 
0.028000 0.050000 0.617000 617 239 95494.904884 0.239000 399.560271 0.387358 32461.954429 135.824077 
0.029000 0.050000 0.641000 641 235 80734.088234 0.235000 343.549312 0.366615 32544.833266 138.488652 
0.029000 0.050000 0.641000 641 252 74449.926329 0.252000 295.436216 0.393136 33207.273377 131.774894 
0.029000 0.050000 0.641000 641 253 91147.968247 0.253000 360.268649 0.394696 32844.115759 129.818639 
0.029000 0.050000 0.641000 641 254 68578.793911 0.254000 269.995252 0.396256 33320.868485 131.184522 
0.029000 0.050000 0.641000 641 236 92428.926351 0.236000 391.647993 0.368175 32198.075607 136.432524 
0.029000 0.050000 0.641000 641 253 86021.337184 0.253000 340.005285 0.394696 34219.971915 135.256806 
0.029000 0.050000 0.641000 641 230 83905.710028 0.230000 364.807435 0.358814 31196.716293 135.637897 
0.029000 0.050000 0.641000 641 239 78012.838367 0.239000 326.413550 0.372855 31983.503668 133.822191 
0.029000 0.050000 0.641000 641 239 76057.817043 0.239000 318.233544 0.372855 31710.962138 132.681850 
0.029000 0.050000 0.641000 641 255 69764.278408 0.255000 273.585406 0.397816 33536.108730 131.514152 
0.030000 0.050000 0.663000 663 232 92039.639163 0.232000 396.722583 0.349925 31442.343665 135.527343 
0.030000 0.050000 0.663000 663 244 107847.022855 0.244000 441.995995 0.368024 33438.291932 137.042180 
0.030000 0.050000 0.663000 663 239 87145.169441 0.239000 364.624140 0.360483 33039.640911 138.241175 
0.030000 0.050000 0.663000 663 236 85080.938068 0.236000 360.512449 0.355958 32600.314065 138.136924 
0.030000 0.050000 0.663000 663 240 73787.571997 0.240000 307.448217 0.361991 32668.958340 136.120660 
0.030000 0.050000 0.663000 663 252 69877.797636 0.252000 277.292848 0.380090 33016.550874 131.018059 
0.030000 0.050000 0.663000 663 225 106684.965343 0.225000 474.155402 0.339367 31144.480648 138.419914 
0.030000 0.050000 0.663000 663 246 86710.114975 0.246000 352.480142 0.371041 32677.834318 132.836725 
0.030000 0.050000 0.663000 663 248 84979.556254 0.248000 342.659501 0.374057 33301.020424 134.278308 
0.030000 0.050000 0.663000 663 239 77231.443854 0.239000 323.144117 0.360483 32610.057378 136.443755 
0.031000 0.050000 0.685000 685 239 94434.815576 0.239000 395.124751 0.348905 32785.830631 137.179208 
0.031000 0.050000 0.685000 685 228 86321.849856 0.228000 378.604605 0.332847 31942.485832 140.098622 
0.031000 0.050000 0.685000 685 232 87077.184294 0.232000 375.332691 0.338686 31881.972205 137.422294 
0.031000 0.050000 0.685000 685 223 98132.984344 0.223000 440.058226 0.325547 31427.457293 140.930302 
0.031000 0.050000 0.685000 685 249 93701.491669 0.249000 376.311212 0.363504 32567.812037 130.794426 
0.031000 0.050000 0.685000 685 229 91168.836094 0.229000 398.117188 0.334307 31720.418441 138.517111 
0.031000 0.050000 0.685000 685 242 86412.459616 0.242000 357.076279 0.353285 32813.451474 135.592775 
0.031000 0.050000 0.685000 685 242 79663.898863 0.242000 329.189665 0.353285 32675.182411 135.021415 
0.031000 0.050000 0.685000 685 218 77899.318802 0.218000 357.336325 0.318248 30852.984168 141.527450 
0.031000 0.050000 0.685000 685 241 93764.454289 0.241000 389.064126 0.351825 32703.137836 135.697667 
0.032000 0.050000 0.706000 706 243 110160.301020 0.243000 453.334572 0.344193 32817.985408 135.053438 
0.032000 0.050000 0.706000 706 227 106207.672125 0.227000 467.875208 0.321530 31201.847318 137.453072 
0.032000 0.050000 0.706000 706 257 88259.640412 0.257000 343.422725 0.364023 33916.807320 131.972013 
0.032000 0.050000 0.706000 706 250 87547.052869 0.250000 350.188211 0.354108 33107.468807 132.429875 
0.032000 0.050000 0.706000 706 239 91025.505478 0.239000 380.859856 0.338527 31892.206018 133.440193 
0.032000 0.050000 0.706000 706 251 93161.863785 0.251000 371.162804 0.355524 33769.502413 134.539850 
0.032000 0.050000 0.706000 706 225 92802.607851 0.225000 412.456035 0.318697 31401.211128 139.560938 
0.032000 0.050000 0.706000 706 241 90529.368684 0.241000 375.640534 0.341360 33290.038667 138.132941 
0.032000 0.050000 0.706000 706 251 98451.874853 0.251000 392.238545 0.355524 33474.267363 133.363615 
0.032000 0.050000 0.706000 706 237 94783.248448 0.237000 399.929318 0.335694 31930.558000 134.728093 
