0.002000 0.005000 0.048000 48 36 9405.546783 0.036000 261.265188 0.750000 11106.410537 308.511404 
0.002000 0.005000 0.048000 48 36 9698.150407 0.036000 269.393067 0.750000 10636.488088 295.458002 
0.002000 0.005000 0.048000 48 34 8884.374063 0.034000 261.305119 0.708333 10558.559095 310.545856 
0.002000 0.005000 0.048000 48 33 9330.206564 0.033000 282.733532 0.687500 10667.210018 323.248788 
0.002000 0.005000 0.046000 46 34 9234.473998 0.034000 271.602176 0.739130 10533.632537 309.812722 
0.002000 0.005000 0.048000 48 35 10029.551326 0.035000 286.558609 0.729167 10787.771031 308.222029 
0.002000 0.005000 0.048000 48 35 9541.657600 0.035000 272.618789 0.729167 11088.952010 316.827200 
0.002000 0.005000 0.046000 46 34 8895.432114 0.034000 261.630356 0.739130 10422.382832 306.540672 
0.002000 0.005000 0.050000 50 33 9329.341853 0.033000 282.707329 0.660000 10666.481227 323.226704 
0.002000 0.005000 0.048000 48 34 9057.617128 0.034000 266.400504 0.708333 10473.454932 308.042792 
0.003000 0.005000 0.070000 70 56 10362.926160 0.056000 185.052253 0.800000 12564.107474 224.359062 
0.003000 0.005000 0.069000 69 54 9939.819886 0.054000 184.070739 0.782609 12356.857755 228.830699 
0.003000 0.005000 0.072000 72 56 10561.493302 0.056000 188.598095 0.777778 12575.260218 224.558218 
0.003000 0.005000 0.072000 72 56 10263.975718 0.056000 183.285281 0.777778 12541.982063 223.963965 
0.003000 0.005000 0.070000 70 56 10310.060471 0.056000 184.108223 0.800000 12660.796042 226.085644 
0.003000 0.005000 0.070000 70 56 10359.778727 0.056000 184.996049 0.800000 12553.250621 224.165190 
0.003000 0.005000 0.072000 72 56 10414.443954 0.056000 185.972213 0.777778 12535.240829 223.843586 
0.003000 0.005000 0.072000 72 55 10401.871816 0.055000 189.124942 0.763889 12755.238798 231.913433 
0.003000 0.005000 0.070000 70 56 10449.094661 0.056000 186.590976 0.800000 12546.604850 224.046515 
0.003000 0.005000 0.070000 70 56 10263.650919 0.056000 183.279481 0.800000 12533.578006 223.813893 
0.004000 0.005000 0.094000 94 78 11365.623254 0.078000 145.713119 0.829787 14999.031141 192.295271 
0.004000 0.005000 0.092000 92 79 11628.117378 0.079000 147.191359 0.858696 14957.489402 189.335309 
0.004000 0.005000 0.094000 94 80 11999.925598 0.080000 149.999070 0.851064 14964.168873 187.052111 
0.004000 0.005000 0.090000 90 77 11168.403288 0.077000 145.044199 0.855556 14902.744635 193.542138 
0.004000 0.005000 0.092000 92 80 11947.498825 0.080000 149.343735 0.869565 14905.468299 186.318354 
0.004000 0.005000 0.094000 94 80 11935.953932 0.080000 149.199424 0.851064 15193.313315 189.916416 
0.004000 0.005000 0.090000 90 80 11840.814385 0.080000 148.010180 0.888889 15247.670323 190.595879 
0.004000 0.005000 0.094000 94 80 11611.536687 0.080000 145.144209 0.851064 14952.206614 186.902583 
0.004000 0.005000 0.092000 92 79 11464.154494 0.079000 145.115880 0.858696 14846.812325 187.934333 
0.004000 0.005000 0.092000 92 79 11749.081515 0.079000 148.722551 0.858696 14923.755660 188.908299 
0.005000 0.005000 0.110000 110 92 11300.541997 0.092000 122.831978 0.836364 16294.073809 177.109498 
0.005000 0.005000 0.111000 111 94 11818.108456 0.094000 125.724558 0.846847 16251.163099 172.884714 
0.005000 0.005000 0.114000 114 92 11842.808001 0.092000 128.726174 0.807018 16468.323475 179.003516 
0.005000 0.005000 0.112000 112 92 12085.580131 0.092000 131.365001 0.821429 16665.056123 181.141914 
0.005000 0.005000 0.109000 109 95 11906.208172 0.095000 125.328507 0.871560 16434.167713 172.991239 
0.005000 0.005000 0.111000 111 91 11334.492579 0.091000 124.554864 0.819820 16240.334652 178.465216 
0.005000 0.005000 0.113000 113 94 13143.765687 0.094000 139.827295 0.831858 16552.359230 176.088928 
0.005000 0.005000 0.112000 112 92 12210.730468 0.092000 132.725331 0.821429 16749.647230 182.061383 
0.005000 0.005000 0.108000 108 92 11396.965872 0.092000 123.880064 0.851852 16265.755259 176.801688 
0.005000 0.005000 0.108000 108 93 12083.202348 0.093000 129.926907 0.861111 16411.249926 176.465053 
0.006000 0.005000 0.143000 143 109 12300.341437 0.109000 112.847169 0.762238 18289.663211 167.795075 
0.006000 0.005000 0.139000 139 109 12143.254296 0.109000 111.406003 0.784173 18601.383990 170.654899 
0.006000 0.005000 0.141000 141 113 12378.990979 0.113000 109.548593 0.801418 18386.019040 162.708133 
0.006000 0.005000 0.141000 141 112 12377.555211 0.112000 110.513886 0.794326 18305.439644 163.441425 
0.006000 0.005000 0.141000 141 116 12594.522601 0.116000 108.573471 0.822695 18554.689299 159.954218 
0.006000 0.005000 0.143000 143 113 12705.606158 0.113000 112.438993 0.790210 18649.000580 165.035403 
0.006000 0.005000 0.143000 143 113 12261.558710 0.113000 108.509369 0.790210 18472.028715 163.469281 
0.006000 0.005000 0.138000 138 112 11910.336362 0.112000 106.342289 0.811594 18412.412744 164.396542 
0.006000 0.005000 0.138000 138 109 12074.172658 0.109000 110.772226 0.789855 18373.825400 168.567206 
0.006000 0.005000 0.142000 142 110 11990.561953 0.110000 109.005109 0.774648 18532.718455 168.479259 
0.007000 0.005000 0.164000 164 134 13486.925408 0.134000 100.648697 0.817073 20573.344442 153.532421 
0.007000 0.005000 0.164000 164 134 13450.801030 0.134000 100.379112 0.817073 20638.221493 154.016578 
0.007000 0.005000 0.158000 158 133 12724.716768 0.133000 95.674562 0.841772 20437.010534 153.661733 
0.007000 0.005000 0.162000 162 135 13012.285505 0.135000 96.387300 0.833333 20406.395766 151.158487 
0.007000 0.005000 0.164000 164 134 12979.665309 0.134000 96.863174 0.817073 20374.141125 152.045829 
0.007000 0.005000 0.164000 164 136 13340.675377 0.136000 98.093201 0.829268 20442.575358 150.313054 
0.007000 0.005000 0.164000 164 136 13547.188452 0.136000 99.611680 0.829268 20419.843758 150.145910 
0.007000 0.005000 0.162000 162 133 12727.524672 0.133000 95.695674 0.820988 20537.633552 154.418297 
0.007000 0.005000 0.164000 164 135 13927.090658 0.135000 103.163635 0.823171 20664.279681 153.068738 
0.007000 0.005000 0.162000 162 134 13247.264837 0.134000 98.860185 0.827160 20805.703246 155.266442 
0.008000 0.005000 0.188000 188 150 14133.172233 0.150000 94.221148 0.797872 22386.918171 149.246121 
0.008000 0.005000 0.188000 188 150 13615.360049 0.150000 90.769067 0.797872 23018.043614 153.453624 
0.008000 0.005000 0.188000 188 152 14362.981902 0.152000 94.493302 0.808511 22616.066064 148.789908 
0.008000 0.005000 0.188000 188 152 14535.216197 0.152000 95.626422 0.808511 22540.662940 148.293835 
0.008000 0.005000 0.188000 188 149 13461.352330 0.149000 90.344647 0.792553 22487.803697 150.924857 
0.008000 0.005000 0.188000 188 148 13569.475655 0.148000 91.685646 0.787234 22579.626481 152.565044 
0.008000 0.005000 0.188000 188 151 13661.223341 0.151000 90.471678 0.803191 22402.614962 148.361688 
0.008000 0.005000 0.188000 188 149 13849.982236 0.149000 92.952901 0.792553 22542.472336 151.291761 
0.008000 0.005000 0.188000 188 152 13135.650328 0.152000 86.418752 0.808511 22573.341205 148.508824 
0.008000 0.005000 0.186000 186 147 13367.780756 0.147000 90.937284 0.790323 22154.751278 150.712594 
0.009000 0.005000 0.204000 204 170 14301.215295 0.170000 84.124796 0.833333 24562.440165 144.484942 
0.009000 0.005000 0.206000 206 171 13474.613355 0.171000 78.798909 0.830097 24293.942026 142.069836 
0.009000 0.005000 0.206000 206 172 14612.157276 0.172000 84.954403 0.834951 24698.084320 143.593513 
0.009000 0.005000 0.208000 208 174 15265.934122 0.174000 87.735254 0.836538 24581.837780 141.274930 
0.009000 0.005000 0.202000 202 168 13430.069629 0.168000 79.940891 0.831683 23944.012272 142.523883 
0.009000 0.005000 0.203000 203 173 14142.563079 0.173000 81.748920 0.852217 24291.686164 140.414371 
0.009000 0.005000 0.206000 206 171 14263.944888 0.171000 83.414882 0.830097 24456.253466 143.019026 
0.009000 0.005000 0.200000 200 170 14282.761485 0.170000 84.016244 0.850000 24160.553909 142.120905 
0.009000 0.005000 0.208000 208 173 14486.246031 0.173000 83.735526 0.831731 24341.387772 140.701663 
0.009000 0.005000 0.206000 206 172 13692.241373 0.172000 79.606054 0.834951 24663.899695 143.394766 
0.010000 0.005000 0.225000 225 192 17697.504101 0.192000 92.174501 0.853333 26741.683048 139.279599 
0.010000 0.005000 0.224000 224 189 17086.898575 0.189000 90.406871 0.843750 27063.727519 143.194325 
0.010000 0.005000 0.226000 226 190 16138.840798 0.190000 84.941267 0.840708 26637.077581 140.195145 
0.010000 0.005000 0.226000 226 192 16238.283134 0.192000 84.574391 0.849558 26330.338865 137.137182 
0.010000 0.005000 0.226000 226 190 16565.200871 0.190000 87.185268 0.840708 26564.671813 139.814062 
0.010000 0.005000 0.221000 221 192 17132.671717 0.192000 89.232665 0.868778 27265.869470 142.009737 
0.010000 0.005000 0.226000 226 191 18381.301496 0.191000 96.237181 0.845133 26489.601426 138.689013 
0.010000 0.005000 0.226000 226 187 17150.621961 0.187000 91.714556 0.827434 26596.163762 142.225475 
0.010000 0.005000 0.226000 226 193 17319.632375 0.193000 89.739028 0.853982 27212.919069 140.999581 
0.010000 0.005000 0.228000 228 193 18006.725814 0.193000 93.299097 0.846491 27427.071415 142.109178 
0.011000 0.005000 0.252000 252 217 15333.348836 0.217000 70.660594 0.861111 28869.418454 133.038795 
0.011000 0.005000 0.252000 252 216 15803.756677 0.216000 73.165540 0.857143 28792.754285 133.299788 
0.011000 0.005000 0.249000 249 214 15395.359946 0.214000 71.940934 0.859438 28999.200828 135.510284 
0.011000 0.005000 0.256000 256 210 15742.200518 0.210000 74.962860 0.820312 28066.327047 133.649176 
0.011000 0.005000 0.252000 252 211 15292.698757 0.211000 72.477245 0.837302 28801.857313 136.501693 
0.011000 0.005000 0.254000 254 214 15729.207227 0.214000 73.500968 0.842520 28859.017164 134.855220 
0.011000 0.005000 0.256000 256 215 15096.650891 0.215000 70.216981 0.839844 28206.756605 131.194217 
0.011000 0.005000 0.248000 248 214 15278.449701 0.214000 71.394625 0.862903 28777.567264 134.474613 
0.011000 0.005000 0.252000 252 209 14721.564353 0.209000 70.438107 0.829365 28224.692266 135.046374 
0.011000 0.005000 0.251000 251 219 16827.126373 0.219000 76.836193 0.872510 29179.812595 133.241153 
0.012000 0.005000 0.272000 272 234 17212.737244 0.234000 73.558706 0.860294 30791.089261 131.585852 
0.012000 0.005000 0.274000 274 236 16560.630072 0.236000 70.172161 0.861314 31248.506863 132.408927 
0.012000 0.005000 0.274000 274 230 17101.153382 0.230000 74.352841 0.839416 30516.720900 132.681395 
0.012000 0.005000 0.274000 274 232 17022.593643 0.232000 73.373248 0.846715 31217.785920 134.559422 
0.012000 0.005000 0.276000 276 230 16649.067456 0.230000 72.387250 0.833333 30805.795551 133.938242 
0.012000 0.005000 0.272000 272 226 16921.202487 0.226000 74.872577 0.830882 30811.819703 136.335485 
0.012000 0.005000 0.276000 276 230 16486.771103 0.230000 71.681613 0.833333 31340.246554 136.261942 
0.012000 0.005000 0.272000 272 229 16378.177586 0.229000 71.520426 0.841912 29931.307865 130.704401 
0.012000 0.005000 0.274000 274 232 17196.587787 0.232000 74.123223 0.846715 30827.890020 132.878836 
0.012000 0.005000 0.272000 272 226 16806.910400 0.226000 74.366860 0.830882 30364.491329 134.356156 
0.013000 0.005000 0.300000 300 258 17317.915464 0.258000 67.123703 0.860000 32467.854703 125.844398 
0.013000 0.005000 0.296000 296 253 17402.801894 0.253000 68.785778 0.854730 32865.826892 129.904454 
0.013000 0.005000 0.300000 300 255 17730.183557 0.255000 69.530132 0.850000 33185.817191 130.140460 
0.013000 0.005000 0.296000 296 258 16804.238514 0.258000 65.132707 0.871622 33075.159359 128.198292 
0.013000 0.005000 0.298000 298 258 17232.157605 0.258000 66.791309 0.865772 32761.957847 126.984333 
0.013000 0.005000 0.294000 294 256 17436.208991 0.256000 68.110191 0.870748 32822.475726 128.212796 
0.013000 0.005000 0.298000 298 248 17848.287259 0.248000 71.968900 0.832215 32286.600870 130.187907 
0.013000 0.005000 0.300000 300 253 18926.836901 0.253000 74.809632 0.843333 33174.360415 131.123954 
0.013000 0.005000 0.298000 298 254 17593.964087 0.254000 69.267575 0.852349 32492.736799 127.924161 
0.013000 0.005000 0.300000 300 259 17183.441326 0.259000 66.345333 0.863333 32524.256592 125.576280 
0.014000 0.005000 0.320000 320 274 19507.305367 0.274000 71.194545 0.856250 34579.374537 126.202097 
0.014000 0.005000 0.318000 318 272 18507.789308 0.272000 68.043343 0.855346 34908.366588 128.339583 
0.014000 0.005000 0.318000 318 272 16754.321565 0.272000 61.596770 0.855346 34180.007000 125.661790 
0.014000 0.005000 0.318000 318 271 18982.388330 0.271000 70.045713 0.852201 34748.583370 128.223555 
0.014000 0.005000 0.317000 317 264 17814.471538 0.264000 67.479059 0.832808 34993.211316 132.550043 
0.014000 0.005000 0.318000 318 269 16830.314004 0.269000 62.566223 0.845912 34029.548491 126.503898 
0.014000 0.005000 0.317000 317 269 18276.198156 0.269000 67.941257 0.848580 34311.010960 127.550227 
0.014000 0.005000 0.316000 316 276 17870.825945 0.276000 64.749369 0.873418 35406.927432 128.285969 
0.014000 0.005000 0.320000 320 277 19229.215334 0.277000 69.419550 0.865625 34855.874821 125.833483 
0.014000 0.005000 0.318000 318 274 21127.879064 0.274000 77.109048 0.861635 35081.943676 128.036291 
0.015000 0.005000 0.338000 338 286 19571.491854 0.286000 68.431790 0.846154 36227.496979 126.669570 
0.015000 0.005000 0.340000 340 286 20826.407794 0.286000 72.819608 0.841176 36282.641564 126.862383 
0.015000 0.005000 0.340000 340 289 22008.867137 0.289000 76.155250 0.850000 37268.575903 128.957010 
0.015000 0.005000 0.340000 340 283 20590.685238 0.283000 72.758605 0.832353 36044.659053 127.366286 
0.015000 0.005000 0.336000 336 282 19299.934165 0.282000 68.439483 0.839286 35798.034953 126.943386 
0.015000 0.005000 0.336000 336 280 19971.685997 0.280000 71.327450 0.833333 35861.355989 128.076271 
0.015000 0.005000 0.334000 334 283 19980.683856 0.283000 70.603123 0.847305 36136.959090 127.692435 
0.015000 0.005000 0.340000 340 258 21675.893649 0.258000 84.015092 0.758824 34152.482107 132.373962 
0.015000 0.005000 0.340000 340 285 20933.205553 0.285000 73.449844 0.838235 36795.508941 129.107049 
0.015000 0.005000 0.337000 337 285 18884.919069 0.285000 66.262874 0.845697 35673.412633 125.169869 
0.016000 0.005000 0.358000 358 300 18935.613541 0.300000 63.118712 0.837989 38046.425755 126.821419 
0.016000 0.005000 0.366000 366 315 19217.084881 0.315000 61.006619 0.860656 39039.398190 123.934597 
0.016000 0.005000 0.357000 357 304 18828.717545 0.304000 61.936571 0.851541 38045.081476 125.148294 
0.016000 0.005000 0.364000 364 309 19276.419542 0.309000 62.383235 0.848901 38812.711092 125.607479 
0.016000 0.005000 0.364000 364 308 19288.617776 0.308000 62.625382 0.846154 38418.168498 124.734313 
0.016000 0.005000 0.361000 361 307 17989.543586 0.307000 58.597862 0.850416 38127.200177 124.192834 
0.016000 0.005000 0.364000 364 314 17846.443469 0.314000 56.835807 0.862637 38533.649021 122.718627 
0.016000 0.005000 0.359000 359 302 22421.555076 0.302000 74.243560 0.841226 38077.043308 126.082925 
0.016000 0.005000 0.354000 354 305 19561.008267 0.305000 64.134453 0.861582 38285.141398 125.525054 
0.016000 0.005000 0.360000 360 310 21259.560151 0.310000 68.579226 0.861111 38904.868982 125.499577 
0.017000 0.005000 0.388000 388 318 21020.482408 0.318000 66.102146 0.819588 39495.170368 124.198649 
0.017000 0.005000 0.379000 379 325 28128.885057 0.325000 86.550416 0.857520 39718.096243 122.209527 
0.017000 0.005000 0.388000 388 321 21539.435706 0.321000 67.101046 0.827320 40760.859938 126.980872 
0.017000 0.005000 0.382000 382 320 20156.677544 0.320000 62.989617 0.837696 39589.115016 123.715984 
0.017000 0.005000 0.388000 388 327 21752.100665 0.327000 66.520186 0.842784 40086.827996 122.589688 
0.017000 0.005000 0.384000 384 318 22536.948656 0.318000 70.870908 0.828125 39869.742610 125.376549 
0.017000 0.005000 0.388000 388 307 22228.859857 0.307000 72.406710 0.791237 40594.743671 132.230435 
0.017000 0.005000 0.386000 386 322 23934.832135 0.322000 74.331777 0.834197 39280.788124 121.990025 
0.017000 0.005000 0.388000 388 327 23447.583429 0.327000 71.705148 0.842784 40888.648393 125.041738 
0.017000 0.005000 0.386000 386 325 23463.787163 0.325000 72.196268 0.841969 40664.487868 125.121501 
0.018000 0.005000 0.404000 404 319 19006.237806 0.319000 59.580683 0.789604 39140.658348 122.697989 
0.018000 0.005000 0.404000 404 340 23732.686578 0.340000 69.802019 0.841584 42200.150267 124.118089 
0.018000 0.005000 0.402000 402 334 22467.096117 0.334000 67.266755 0.830846 41740.009059 124.970087 
0.018000 0.005000 0.410000 410 338 27704.000697 0.338000 81.964499 0.824390 42209.144163 124.879125 
0.018000 0.005000 0.408000 408 342 22376.383958 0.342000 65.428023 0.838235 42336.305361 123.790367 
0.018000 0.005000 0.406000 406 342 21964.714908 0.342000 64.224313 0.842365 41997.739920 122.800409 
0.018000 0.005000 0.412000 412 330 23035.804329 0.330000 69.805468 0.800971 41224.324271 124.922195 
0.018000 0.005000 0.405000 405 334 24741.220577 0.334000 74.075511 0.824691 41028.138866 122.838739 
0.018000 0.005000 0.410000 410 337 23536.290836 0.337000 69.840626 0.821951 41796.616292 124.025568 
0.018000 0.005000 0.402000 402 339 22870.002779 0.339000 67.463135 0.843284 41422.049672 122.188937 
0.019000 0.005000 0.432000 432 369 21570.631931 0.369000 58.456997 0.854167 43859.572422 118.860630 
0.019000 0.005000 0.417000 417 356 28008.997883 0.356000 78.676960 0.853717 43305.162928 121.643716 
0.019000 0.005000 0.432000 432 359 31074.149614 0.359000 86.557520 0.831019 43901.871398 122.289335 
0.019000 0.005000 0.423000 423 353 29096.238352 0.353000 82.425604 0.834515 44373.991446 125.705358 
0.019000 0.005000 0.428000 428 359 24310.191830 0.359000 67.716412 0.838785 44251.584791 123.263467 
0.019000 0.005000 0.432000 432 367 21653.130851 0.367000 59.000357 0.849537 43615.554589 118.843473 
0.019000 0.005000 0.430000 430 367 23715.637741 0.367000 64.620266 0.853488 44167.512107 120.347444 
0.019000 0.005000 0.420000 420 358 25469.595207 0.358000 71.144121 0.852381 43076.241699 120.324697 
0.019000 0.005000 0.414000 414 338 28457.914671 0.338000 84.195014 0.816425 41867.624748 123.868712 
0.019000 0.005000 0.424000 424 362 33372.305131 0.362000 92.188688 0.853774 43678.034982 120.657555 
0.020000 0.005000 0.450000 450 373 26370.791541 0.373000 70.699173 0.828889 44640.152862 119.678694 
0.020000 0.005000 0.452000 452 377 31307.370723 0.377000 83.043424 0.834071 45962.770096 121.917162 
0.020000 0.005000 0.442000 442 363 27889.621363 0.363000 76.830913 0.821267 44367.769470 122.225260 
0.020000 0.005000 0.448000 448 363 26591.035326 0.363000 73.253541 0.810268 44522.131369 122.650500 
0.020000 0.005000 0.444000 444 369 25994.223058 0.369000 70.445049 0.831081 44979.459485 121.895554 
0.020000 0.005000 0.443000 443 364 34306.345794 0.364000 94.248203 0.821670 45166.925994 124.084962 
0.020000 0.005000 0.448000 448 378 27865.272980 0.378000 73.717653 0.843750 45546.656492 120.493800 
0.020000 0.005000 0.448000 448 377 22957.304556 0.377000 60.894707 0.841518 45165.017644 119.801108 
0.020000 0.005000 0.444000 444 374 25840.820434 0.374000 69.093103 0.842342 45423.035361 121.451966 
0.020000 0.005000 0.452000 452 364 26405.189140 0.364000 72.541728 0.805310 44855.993065 123.230750 
0.021000 0.005000 0.474000 474 387 35142.365847 0.387000 90.807147 0.816456 46589.065633 120.385183 
0.021000 0.005000 0.472000 472 381 31408.257721 0.381000 82.436372 0.807203 46524.223382 122.110823 
0.021000 0.005000 0.467000 467 394 29672.809704 0.394000 75.311700 0.843683 47034.391801 119.376629 
0.021000 0.005000 0.473000 473 384 38790.080042 0.384000 101.015833 0.811839 46962.286615 122.297621 
0.021000 0.005000 0.478000 478 399 31041.183424 0.399000 77.797452 0.834728 47720.130202 119.599324 
0.021000 0.005000 0.476000 476 379 32964.560179 0.379000 86.977731 0.796218 46311.479098 122.193876 
0.021000 0.005000 0.474000 474 391 26283.871399 0.391000 67.222177 0.824895 46410.021046 118.695706 
0.021000 0.005000 0.478000 478 405 25941.697466 0.405000 64.053574 0.847280 47886.090449 118.237260 
0.021000 0.005000 0.472000 472 387 25656.330802 0.387000 66.295428 0.819915 47342.342700 122.331635 
0.021000 0.005000 0.472000 472 399 40282.610194 0.399000 100.958923 0.845339 46904.404580 117.554899 
0.022000 0.005000 0.490000 490 398 39760.168302 0.398000 99.899920 0.812245 48293.920929 121.341510 
0.022000 0.005000 0.490000 490 387 54889.083651 0.387000 141.832257 0.789796 47915.303845 123.812155 
0.022000 0.005000 0.490000 490 385 33748.105061 0.385000 87.657416 0.785714 47185.245340 122.559079 
0.022000 0.005000 0.489000 489 390 26076.089863 0.390000 66.861769 0.797546 47332.936085 121.366503 
0.022000 0.005000 0.500000 500 412 29370.114961 0.412000 71.286687 0.824000 48935.189447 118.774732 
0.022000 0.005000 0.493000 493 396 42128.339026 0.396000 106.384695 0.803245 48052.243054 121.344048 
0.022000 0.005000 0.491000 491 397 35425.786846 0.397000 89.233720 0.808554 48432.141327 121.995318 
0.022000 0.005000 0.486000 486 403 26503.619217 0.403000 65.765805 0.829218 47695.397557 118.350862 
0.022000 0.005000 0.493000 493 396 27910.734966 0.396000 70.481654 0.803245 48310.971977 121.997404 
0.022000 0.005000 0.495000 495 406 31758.232972 0.406000 78.222249 0.820202 48639.687961 119.802187 
0.023000 0.005000 0.507000 507 417 41851.158362 0.417000 100.362490 0.822485 50821.512728 121.874131 
0.023000 0.005000 0.522000 522 397 42585.883143 0.397000 107.269227 0.760536 48894.982416 123.161165 
0.023000 0.005000 0.520000 520 424 40407.689750 0.424000 95.301155 0.815385 51383.114425 121.186591 
0.023000 0.005000 0.520000 520 437 32667.230747 0.437000 74.753388 0.840385 51681.590347 118.264509 
0.023000 0.005000 0.517000 517 417 34941.128175 0.417000 83.791674 0.806576 49585.517403 118.910114 
0.023000 0.005000 0.492000 492 404 30358.038764 0.404000 75.143660 0.821138 49651.971305 122.900919 
0.023000 0.005000 0.513000 513 393 35218.385679 0.393000 89.614213 0.766082 47568.872739 121.040389 
0.023000 0.005000 0.520000 520 419 45885.242047 0.419000 109.511318 0.805769 50279.498033 119.998802 
0.023000 0.005000 0.518000 518 407 30692.063156 0.407000 75.410475 0.785714 49720.420015 122.163194 
0.023000 0.005000 0.520000 520 422 37131.646950 0.422000 87.989685 0.811538 50250.685010 119.077453 
0.024000 0.005000 0.540000 540 424 48810.611452 0.424000 115.119367 0.785185 50398.138681 118.863535 
0.024000 0.005000 0.542000 542 405 49454.312339 0.405000 122.109413 0.747232 50211.003842 123.977787 
0.024000 0.005000 0.544000 544 429 30016.133165 0.429000 69.967676 0.788603 50389.313067 117.457606 
0.024000 0.005000 0.540000 540 440 38551.454541 0.440000 87.616942 0.814815 52035.306295 118.262060 
0.024000 0.005000 0.531000 531 417 30998.572740 0.417000 74.337105 0.785311 50256.778553 120.519853 
0.024000 0.005000 0.536000 536 424 36264.019502 0.424000 85.528348 0.791045 51517.363940 121.503217 
0.024000 0.005000 0.534000 534 420 43070.095588 0.420000 102.547847 0.786517 50889.851002 121.166312 
0.024000 0.005000 0.528000 528 428 40425.258786 0.428000 94.451539 0.810606 50644.312982 118.327834 
0.024000 0.005000 0.537000 537 427 43823.899281 0.427000 102.632083 0.795158 50029.338023 117.164726 
0.024000 0.005000 0.541000 541 431 46800.270380 0.431000 108.585314 0.796673 51429.623113 119.326272 
0.025000 0.005000 0.534000 534 433 47636.036986 0.433000 110.013942 0.810861 51331.172764 118.547743 
0.025000 0.005000 0.552000 552 427 46527.954146 0.427000 108.964764 0.773551 51243.840310 120.008994 
0.025000 0.005000 0.564000 564 409 43957.251342 0.409000 107.474942 0.725177 50051.728905 122.375865 
0.025000 0.005000 0.549000 549 457 41592.192365 0.457000 91.011362 0.832423 54536.875592 119.336708 
0.025000 0.005000 0.554000 554 440 36495.734502 0.440000 82.944851 0.794224 51645.259791 117.375590 
0.025000 0.005000 0.559000 559 435 45115.855622 0.435000 103.714611 0.778175 52624.898654 120.976779 
0.025000 0.005000 0.550000 550 431 42722.385489 0.431000 99.123864 0.783636 52018.762975 120.693186 
0.025000 0.005000 0.554000 554 438 47337.824603 0.438000 108.077225 0.790614 52327.021618 119.468086 
0.025000 0.005000 0.559000 559 435 54554.404189 0.435000 125.412423 0.778175 52181.398937 119.957239 
0.025000 0.005000 0.564000 564 424 53440.540097 0.424000 126.039010 0.751773 51315.225962 121.026476 
0.026000 0.005000 0.578000 578 418 52532.668874 0.418000 125.676241 0.723183 51835.726707 124.008916 
0.026000 0.005000 0.586000 586 409 50565.832666 0.409000 123.632843 0.697952 49589.440445 121.245576 
0.026000 0.005000 0.579000 579 451 63905.851627 0.451000 141.698119 0.778929 53358.354083 118.311206 
0.026000 0.005000 0.588000 588 442 46342.781509 0.442000 104.847922 0.751701 53530.053688 121.108719 
0.026000 0.005000 0.579000 579 443 45197.963107 0.443000 102.027005 0.765112 53821.920771 121.494178 
0.026000 0.005000 0.578000 578 442 52304.090583 0.442000 118.335047 0.764706 53340.201097 120.679188 
0.026000 0.005000 0.578000 578 433 49410.366584 0.433000 114.111701 0.749135 53075.586192 122.576412 
0.026000 0.005000 0.575000 575 435 46728.687248 0.435000 107.422270 0.756522 52509.074436 120.710516 
0.026000 0.005000 0.581000 581 440 51968.883673 0.440000 118.111099 0.757315 53605.339844 121.830318 
0.026000 0.005000 0.586000 586 441 52574.029721 0.441000 119.215487 0.752560 53286.866346 120.831896 
0.027000 0.005000 0.610000 610 435 70992.662015 0.435000 163.201522 0.713115 51989.105467 119.515185 
0.027000 0.005000 0.610000 610 440 50314.134583 0.440000 114.350306 0.721311 52389.743743 119.067599 
0.027000 0.005000 0.606000 606 405 31897.253924 0.405000 78.758652 0.668317 49511.125393 122.249692 
0.027000 0.005000 0.604000 604 452 60283.644896 0.452000 133.370896 0.748344 53295.274942 117.909900 
0.027000 0.005000 0.605000 605 464 48316.155282 0.464000 104.129645 0.766942 54340.578158 117.113315 
0.027000 0.005000 0.598000 598 411 64554.062867 0.411000 157.065846 0.687291 51226.081609 124.637668 
0.027000 0.005000 0.598000 598 433 42458.890408 0.433000 98.057484 0.724080 52039.423864 120.183427 
0.027000 0.005000 0.601000 601 434 48975.905770 0.434000 112.847709 0.722130 52294.220505 120.493596 
0.027000 0.005000 0.599000 599 423 75617.000792 0.423000 178.763595 0.706177 51200.267952 121.040823 
0.027000 0.005000 0.608000 608 460 43627.393458 0.460000 94.842160 0.756579 55610.186833 120.891711 
0.028000 0.005000 0.624000 624 449 54000.109147 0.449000 120.267504 0.719551 53946.389394 120.147861 
0.028000 0.005000 0.630000 630 440 84107.842150 0.440000 191.154187 0.698413 53119.885839 120.727013 
0.028000 0.005000 0.625000 625 439 46359.523735 0.439000 105.602560 0.702400 53518.829806 121.910774 
0.028000 0.005000 0.616000 616 431 60576.726391 0.431000 140.549249 0.699675 52688.322952 122.246689 
0.028000 0.005000 0.616000 616 430 59360.148463 0.430000 138.046857 0.698052 52259.888980 121.534626 
0.028000 0.005000 0.630000 630 464 60740.272286 0.464000 130.905759 0.736508 54575.044338 117.618630 
0.028000 0.005000 0.630000 630 458 52874.912285 0.458000 115.447407 0.726984 54254.015073 118.458548 
0.028000 0.005000 0.628000 628 439 58464.382735 0.439000 133.176270 0.699045 54865.223432 124.977730 
0.028000 0.005000 0.626000 626 454 62401.692686 0.454000 137.448662 0.725240 54809.140821 120.724980 
0.028000 0.005000 0.636000 636 467 37651.844590 0.467000 80.624935 0.734277 55635.863331 119.134611 
0.029000 0.005000 0.642000 642 467 53947.449593 0.467000 115.519164 0.727414 55760.284511 119.401037 
0.029000 0.005000 0.654000 654 488 44745.254264 0.488000 91.691095 0.746177 57217.052216 117.248058 
0.029000 0.005000 0.648000 648 427 74649.699288 0.427000 174.823652 0.658951 51696.173953 121.068323 
0.029000 0.005000 0.634000 634 435 68216.146998 0.435000 156.818729 0.686120 53127.589389 122.132389 
0.029000 0.005000 0.654000 654 463 47058.018120 0.463000 101.637188 0.707951 55952.266943 120.847229 
0.029000 0.005000 0.642000 642 448 66204.872700 0.448000 147.778734 0.697819 54156.752361 120.885608 
0.029000 0.005000 0.636000 636 444 63063.634008 0.444000 142.035212 0.698113 54377.824272 122.472577 
0.029000 0.005000 0.654000 654 435 64991.776836 0.435000 149.406384 0.665138 53150.829798 122.185816 
0.029000 0.005000 0.643000 643 437 63454.324490 0.437000 145.204404 0.679627 53100.931075 121.512428 
0.029000 0.005000 0.652000 652 437 52982.005912 0.437000 121.240288 0.670245 51761.032233 118.446298 
0.030000 0.005000 0.672000 672 464 81318.360333 0.464000 175.255087 0.690476 55280.891733 119.139853 
0.030000 0.005000 0.662000 662 500 75516.859304 0.500000 151.033719 0.755287 58127.465437 116.254931 
0.030000 0.005000 0.662000 662 460 56596.173247 0.460000 123.035159 0.694864 55763.817810 121.225691 
0.030000 0.005000 0.666000 666 472 61528.230977 0.472000 130.356422 0.708709 55847.736856 118.321476 
0.030000 0.005000 0.667000 667 497 45568.055813 0.497000 91.686229 0.745127 57609.031273 115.913544 
0.030000 0.005000 0.660000 660 448 61922.732869 0.448000 138.220386 0.678788 53047.037354 118.408566 
0.030000 0.005000 0.678000 678 444 56911.494441 0.444000 128.179042 0.654867 52043.640418 117.215406 
0.030000 0.005000 0.667000 667 437 66763.419977 0.437000 152.776705 0.655172 53737.640252 122.969428 
0.030000 0.005000 0.670000 670 454 94572.545854 0.454000 208.309572 0.677612 54975.500739 121.091411 
0.030000 0.005000 0.662000 662 449 79484.527068 0.449000 177.025673 0.678248 54076.350982 120.437307 
0.031000 0.005000 0.692000 692 448 75466.397657 0.448000 168.451780 0.647399 53524.465716 119.474254 
0.031000 0.005000 0.686000 686 450 62247.127291 0.450000 138.326950 0.655977 54795.398435 121.767552 
0.031000 0.005000 0.696000 696 474 78542.795414 0.474000 165.702100 0.681034 56160.986543 118.483094 
0.031000 0.005000 0.689000 689 484 57100.746874 0.484000 117.976750 0.702467 57792.648072 119.406298 
0.031000 0.005000 0.691000 691 475 69813.337706 0.475000 146.975448 0.687410 55557.470352 116.963095 
0.031000 0.005000 0.687000 687 479 80120.229709 0.479000 167.265615 0.697234 56318.342749 117.574828 
0.031000 0.005000 0.696000 696 465 83323.493395 0.465000 179.190308 0.668103 55102.469068 118.499933 
0.031000 0.005000 0.673000 673 470 76059.928706 0.470000 161.829636 0.698366 55779.440480 118.679661 
0.031000 0.005000 0.684000 684 468 87184.785699 0.468000 186.292277 0.684211 55520.466736 118.633476 
0.031000 0.005000 0.679000 679 474 51211.936798 0.474000 108.042061 0.698085 56742.649610 119.710231 
0.032000 0.005000 0.708000 708 447 98858.518215 0.447000 221.159996 0.631356 54362.006120 121.615226 
0.032000 0.005000 0.702000 702 447 82578.273502 0.447000 184.738867 0.636752 53417.819458 119.502952 
0.032000 0.005000 0.707000 707 455 85336.172770 0.455000 187.552028 0.643564 56119.109730 123.338703 
0.032000 0.005000 0.718000 718 471 70071.139500 0.471000 148.770997 0.655989 55586.417074 118.017871 
0.032000 0.005000 0.718000 718 461 86530.973766 0.461000 187.702763 0.642061 56191.035759 121.889449 
0.032000 0.005000 0.704000 704 471 75470.147804 0.471000 160.233859 0.669034 56901.613115 120.810219 
0.032000 0.005000 0.705000 705 448 77617.629767 0.448000 173.253638 0.635461 54991.926114 122.749835 
0.032000 0.005000 0.705000 705 476 67927.355436 0.476000 142.704528 0.675177 56094.698383 117.846005 
0.032000 0.005000 0.704000 704 430 118080.254093 0.430000 274.605242 0.610795 54194.153358 126.032915 
0.032000 0.005000 0.707000 707 439 63461.171029 0.439000 144.558476 0.620934 53544.774531 121.969874 
