0.024000 0.050000 0.049000 49 42 2089.381401 0.042500 49.171914 0.867347 270.017846
0.036000 0.050000 0.073000 73 60 2361.391992 0.060900 38.782777 0.834246 217.861545
0.048000 0.050000 0.093000 93 78 2741.151677 0.078800 34.793951 0.847312 190.526053
0.060000 0.050000 0.113000 113 95 4889.714984 0.095300 51.313344 0.843363 178.506555
0.072000 0.050000 0.139000 139 116 4154.343292 0.116100 35.775429 0.835252 162.377781
0.084000 0.050000 0.159000 159 132 5836.320085 0.132400 44.093467 0.832704 157.532511
0.096000 0.050000 0.181000 181 149 6962.444469 0.149900 46.452387 0.828177 148.868937
0.120000 0.050000 0.223000 223 177 16032.460446 0.177100 90.561211 0.794171 146.000404
0.132000 0.050000 0.247000 247 186 20339.415158 0.186700 109.180102 0.755871 143.425554
0.144000 0.050000 0.269000 269 193 25487.848166 0.193700 131.697183 0.720075 142.935709
0.168000 0.050000 0.313000 313 200 36955.031059 0.200400 184.798537 0.640256 143.250334
0.180000 0.050000 0.333000 333 210 41699.226972 0.210000 199.036574 0.630631 141.365365
0.192000 0.050000 0.355000 355 212 43507.726810 0.212100 205.558352 0.597465 140.465794
0.204000 0.050000 0.377000 377 215 48112.084368 0.215500 223.278656 0.571618 139.785159
0.228000 0.050000 0.423000 423 218 55268.108330 0.218500 253.169901 0.516548 140.046188
0.240000 0.050000 0.443000 443 226 58880.831205 0.226400 260.204410 0.511061 137.554786
0.252000 0.050000 0.465000 465 231 59577.494008 0.231300 258.732782 0.497419 136.410832
0.264000 0.050000 0.487000 487 226 63291.367210 0.226800 279.426954 0.465708 138.192795
0.276000 0.050000 0.508000 508 229 63933.749799 0.229500 280.101333 0.451771 137.732570
0.288000 0.050000 0.531000 531 235 70699.585147 0.235900 300.518814 0.444256 136.594723
0.300000 0.050000 0.553000 553 233 71989.740450 0.233400 308.982411 0.422062 137.080053
0.324000 0.050000 0.597000 597 238 79023.294713 0.238400 332.111889 0.399330 135.183014
0.336000 0.050000 0.617000 617 246 82179.060263 0.246300 335.355948 0.399190 133.735965
0.348000 0.050000 0.641000 641 244 80110.168410 0.244600 328.394264 0.381591 133.661213
0.360000 0.050000 0.663000 663 240 87138.421959 0.240100 364.103539 0.362142 135.806504
0.372000 0.050000 0.685000 685 234 88857.729340 0.234300 379.621507 0.342044 137.278127
0.384000 0.050000 0.706000 706 242 95292.913553 0.242100 394.710781 0.342918 135.067403
