0.024000 0.005000 0.047800 47 34 9340.635184 0.034400 271.621467 0.720076 311.043617
0.036000 0.005000 0.070700 70 55 10332.711561 0.055700 185.507825 0.787983 225.558020
0.048000 0.005000 0.092400 92 79 11671.110936 0.079200 147.348373 0.857308 189.280069
0.060000 0.005000 0.110800 110 92 11912.240371 0.092700 128.489068 0.836929 177.301315
0.072000 0.005000 0.140900 140 111 12273.690036 0.111600 109.995711 0.792137 165.450144
0.084000 0.005000 0.162800 162 134 13244.413802 0.134400 98.537722 0.825618 152.762749
0.096000 0.005000 0.187800 187 150 13769.219503 0.150000 91.792085 0.798713 150.214826
0.120000 0.005000 0.225400 225 190 17171.768084 0.190900 89.950482 0.846988 140.565330
0.132000 0.005000 0.252200 252 213 15522.036328 0.213900 72.559405 0.848245 134.081131
0.144000 0.005000 0.273600 273 230 16833.583116 0.230500 73.040890 0.842480 133.571066
0.168000 0.005000 0.318000 318 271 18490.070861 0.271800 68.014488 0.854712 127.718694
0.180000 0.005000 0.338100 338 281 20374.377431 0.281700 72.426312 0.833236 127.921822
0.192000 0.005000 0.360700 360 307 19462.456383 0.307400 63.346143 0.852221 125.026512
0.204000 0.005000 0.385700 385 321 22820.959262 0.321000 71.077422 0.832322 124.945497
0.228000 0.005000 0.425200 425 358 26672.879321 0.358800 74.498194 0.843781 121.580439
0.240000 0.005000 0.447100 447 370 27552.797491 0.370200 74.476749 0.828017 121.742976
0.252000 0.005000 0.473600 473 390 31718.376678 0.390600 81.287634 0.824756 120.278296
0.264000 0.005000 0.491700 491 397 34757.027487 0.397000 87.762617 0.807377 121.134380
0.276000 0.005000 0.514900 514 413 37173.846677 0.413700 89.914728 0.803561 120.857727
0.288000 0.005000 0.537300 537 424 40821.462777 0.424500 96.289563 0.790115 119.656920
0.300000 0.005000 0.553900 553 432 45938.017934 0.432900 106.277699 0.781861 119.976667
0.324000 0.005000 0.603900 603 435 53703.710399 0.435700 123.538781 0.721429 120.310292
0.336000 0.005000 0.626100 626 447 57653.745447 0.447100 129.322339 0.714014 120.748146
0.348000 0.005000 0.645900 645 448 59931.318221 0.448100 134.615485 0.693755 120.619976
0.360000 0.005000 0.666600 666 462 68018.239988 0.462500 147.587799 0.693915 119.097761
0.372000 0.005000 0.687300 687 468 72107.077925 0.468700 154.005293 0.682029 118.919242
0.384000 0.005000 0.707800 707 454 82593.163588 0.454500 182.528039 0.642112 121.377305
