0.010000 0.050000 0.120000 144 27 5350.250504 0.022500 198.157426 0.187500 139.306687
0.020000 0.050000 0.240000 288 49 5132.168338 0.040833 104.738129 0.170139 76.854796
0.030000 0.050000 0.360000 432 76 16019.268526 0.063333 210.779849 0.175926 49.622319
0.040000 0.050000 0.480000 576 28 2629.251709 0.023333 93.901847 0.048611 134.429718
0.050000 0.050000 0.600000 720 118 38476.637487 0.098333 326.073199 0.163889 31.936739
0.060000 0.050000 0.720000 864 138 35303.319840 0.115000 255.821158 0.159722 27.484599
0.070000 0.050000 0.840000 1008 166 45672.697083 0.138333 275.136729 0.164683 22.853394
0.080000 0.050000 0.960000 1152 142 24724.270422 0.118333 174.114580 0.123264 26.471629
0.090000 0.050000 1.080000 1296 136 33657.720644 0.113333 247.483240 0.104938 27.651897
0.100000 0.050000 1.200000 1440 146 27761.251488 0.121667 190.145558 0.101389 25.786320
0.110000 0.050000 1.320000 1584 157 28464.803650 0.130833 181.304482 0.099116 23.972742
