0.010000 0.050000 0.120000 144 95 19904.399315 0.079500 210.026242 0.662500 37.515892
0.020000 0.050000 0.240000 288 96 35931.400004 0.080667 372.118406 0.336111 37.031100
0.030000 0.050000 0.360000 432 97 41598.322366 0.081583 425.720783 0.226620 36.620466
0.040000 0.050000 0.480000 576 100 45961.765790 0.084083 455.731232 0.175174 35.486728
0.050000 0.050000 0.600000 720 99 48410.546564 0.082583 488.302464 0.137639 36.163734
0.060000 0.050000 0.720000 864 99 48878.623086 0.082833 492.211470 0.115047 36.041492
0.070000 0.050000 0.840000 1008 100 50272.696295 0.083583 501.333151 0.099504 35.793986
0.080000 0.050000 0.960000 1152 96 50706.637045 0.080250 526.917794 0.083594 37.184996
0.090000 0.050000 1.080000 1296 99 51874.485351 0.082917 520.955996 0.076775 35.990057
0.100000 0.050000 1.200000 1440 99 51449.504364 0.082833 518.000906 0.069028 36.100257
0.110000 0.050000 1.320000 1584 96 51380.229093 0.080167 534.514849 0.060732 37.251778
