0.010000 0.050000 0.120000 144 75 14723.537679 0.062834 196.298679 0.523611 49.186297
0.020000 0.050000 0.240000 288 82 20931.018349 0.068333 256.552789 0.284722 45.396972
0.030000 0.050000 0.360000 432 86 28360.439144 0.071750 330.163791 0.199305 43.079995
0.040000 0.050000 0.480000 576 92 32403.992283 0.076750 356.003320 0.159896 40.600169
0.050000 0.050000 0.600000 720 98 34668.370466 0.082083 351.991916 0.136805 38.096023
0.060000 0.050000 0.720000 864 95 38250.086902 0.079833 398.642062 0.110879 38.808528
0.070000 0.050000 0.840000 1008 95 40292.776048 0.079917 419.431316 0.095139 38.954605
0.080000 0.050000 0.960000 1152 90 38557.158319 0.075083 427.386104 0.078212 41.461034
0.090000 0.050000 1.080000 1296 88 39089.046549 0.074083 438.561412 0.068596 42.397504
0.100000 0.050000 1.200000 1440 95 41459.798422 0.079667 440.222020 0.066389 39.482801
0.110000 0.050000 1.320000 1584 89 39250.424145 0.074833 436.544363 0.056692 41.591457
