0.010000 0.050000 0.120000 144 86 15442.313946 0.071917 180.875512 0.599306 42.672548
0.020000 0.050000 0.240000 288 89 28430.525874 0.074250 319.354118 0.309375 41.456691
0.030000 0.050000 0.360000 432 92 32949.723048 0.076917 357.751553 0.213657 39.868445
0.040000 0.050000 0.480000 576 92 34617.978369 0.076750 377.764515 0.159896 40.086895
0.050000 0.050000 0.600000 720 97 43062.971763 0.081500 441.854174 0.135833 37.622005
0.060000 0.050000 0.720000 864 92 43018.230101 0.076917 465.679437 0.106829 39.815741
0.070000 0.050000 0.840000 1008 93 42445.582937 0.077750 456.002770 0.092560 39.387809
0.080000 0.050000 0.960000 1152 93 42541.362050 0.077833 454.863603 0.081076 39.402960
0.090000 0.050000 1.080000 1296 96 45598.323910 0.080583 471.888542 0.074614 38.008556
0.100000 0.050000 1.200000 1440 98 46250.757515 0.082417 469.339753 0.068680 37.541907
0.110000 0.050000 1.320000 1584 98 46328.974096 0.081750 473.726375 0.061932 37.664048
