0.010000 0.050000 0.120000 144 90 16922.022374 0.075500 186.801083 0.629166 40.106102
0.020000 0.050000 0.240000 288 98 31084.978143 0.081667 317.455014 0.340278 37.300353
0.030000 0.050000 0.360000 432 97 38411.792613 0.081083 395.566280 0.225231 37.598396
0.040000 0.050000 0.480000 576 100 40780.324175 0.083500 407.524200 0.173958 36.516428
0.050000 0.050000 0.600000 720 98 43139.539832 0.081833 439.393763 0.136389 37.172509
0.060000 0.050000 0.720000 864 100 44557.986607 0.083750 444.173808 0.116319 36.451060
0.070000 0.050000 0.840000 1008 95 46813.428470 0.079833 489.266907 0.095040 38.148330
0.080000 0.050000 0.960000 1152 97 47503.353123 0.081250 487.773128 0.084635 37.440824
0.090000 0.050000 1.080000 1296 97 48568.225526 0.081416 497.126967 0.075386 37.502464
0.100000 0.050000 1.200000 1440 98 50514.279684 0.082167 513.190977 0.068472 37.229214
0.110000 0.050000 1.320000 1584 100 50669.000025 0.084000 501.864554 0.063636 36.303765
