0.010000 0.050000 0.120000 144 94 18530.980967 0.078500 197.685675 0.654167 38.349246
0.020000 0.050000 0.240000 288 97 33268.229952 0.081250 341.611674 0.338542 37.170846
0.030000 0.050000 0.360000 432 99 40076.239168 0.082750 403.804566 0.229861 36.491946
0.040000 0.050000 0.480000 576 103 43437.859841 0.086333 420.074161 0.179861 35.124484
0.050000 0.050000 0.600000 720 102 47377.242048 0.085167 464.109623 0.141945 35.619320
0.060000 0.050000 0.720000 864 97 46244.755313 0.080833 476.876153 0.112269 37.413582
0.070000 0.050000 0.840000 1008 100 48924.881330 0.083917 486.623089 0.099901 36.121621
0.080000 0.050000 0.960000 1152 99 50263.209671 0.082833 505.926647 0.086285 36.525833
0.090000 0.050000 1.080000 1296 106 53187.939054 0.088917 498.191537 0.082330 33.976503
0.100000 0.050000 1.200000 1440 98 50834.186573 0.082417 514.355920 0.068681 36.747856
0.110000 0.050000 1.320000 1584 106 54826.284348 0.088416 516.692706 0.066982 34.229641
