0.010000 0.050000 0.120000 144 97 17664.991391 0.081000 181.944920 0.675000 36.936361
0.020000 0.050000 0.240000 288 98 34955.831255 0.081667 358.103046 0.340278 36.775638
0.030000 0.050000 0.360000 432 102 42111.538935 0.085417 411.491992 0.237269 35.123835
0.040000 0.050000 0.480000 576 104 47353.363883 0.087167 453.579992 0.181597 34.562510
0.050000 0.050000 0.600000 720 100 48101.877249 0.083833 478.414089 0.139722 35.776451
0.060000 0.050000 0.720000 864 102 50209.134253 0.085167 491.335491 0.118287 35.214789
0.070000 0.050000 0.840000 1008 103 50199.362475 0.085917 487.275714 0.102282 34.978375
0.080000 0.050000 0.960000 1152 101 50586.528407 0.084417 499.453697 0.087934 35.593103
0.090000 0.050000 1.080000 1296 100 50445.730009 0.083417 504.502550 0.077238 35.965175
0.100000 0.050000 1.200000 1440 101 51007.540592 0.084417 503.931028 0.070347 35.606152
0.110000 0.050000 1.320000 1584 98 51515.022035 0.082334 521.215528 0.062374 36.456588
