0.024000 0.005000 0.047200 47 34 9219.960984 0.034100 270.350509 0.722917 312.479714
0.036000 0.005000 0.069800 69 55 10393.049974 0.055900 185.924725 0.801315 225.043679
0.048000 0.005000 0.091600 91 78 11674.191421 0.078500 148.697243 0.857130 191.994765
0.060000 0.005000 0.109000 109 91 11735.403719 0.091700 127.968781 0.841587 178.593653
0.072000 0.005000 0.141000 141 111 12369.574299 0.111400 111.038007 0.790086 165.429376
0.084000 0.005000 0.162800 162 134 13243.089250 0.134200 98.688076 0.824362 153.298719
0.096000 0.005000 0.186400 186 151 13485.496997 0.151100 89.248923 0.810687 149.259766
0.120000 0.005000 0.226000 226 188 17134.105320 0.188800 90.745215 0.835494 141.970995
0.132000 0.005000 0.251300 251 213 15708.967975 0.213600 73.541295 0.850025 134.857522
0.144000 0.005000 0.273200 273 229 16336.097981 0.229500 71.199227 0.840078 133.715091
0.168000 0.005000 0.317500 317 271 17925.277089 0.271400 66.046273 0.854813 128.379971
0.180000 0.005000 0.337000 337 283 20848.903207 0.283700 73.516935 0.841894 127.217867
0.192000 0.005000 0.362000 362 308 18668.106318 0.308400 60.541121 0.851966 124.403343
0.204000 0.005000 0.381100 381 326 21177.759391 0.326800 64.840712 0.857537 122.582642
0.228000 0.005000 0.427400 427 356 27355.045427 0.356300 76.819160 0.833622 123.044727
0.240000 0.005000 0.448500 448 365 30855.414039 0.365400 84.423562 0.814740 124.011492
0.252000 0.005000 0.473000 473 385 28483.301546 0.385800 73.846956 0.815699 120.736513
0.264000 0.005000 0.492900 492 399 32095.617925 0.399400 80.365537 0.810456 121.146340
0.276000 0.005000 0.516800 516 401 39075.343175 0.401700 97.254263 0.777313 121.876033
0.288000 0.005000 0.535500 535 421 42345.956513 0.421400 100.620239 0.787058 119.853143
0.300000 0.005000 0.556500 556 431 44124.521558 0.431000 102.359426 0.774662 119.485604
0.324000 0.005000 0.600700 600 437 55118.473946 0.437600 126.145167 0.728485 120.897796
0.336000 0.005000 0.625900 625 438 55742.171506 0.438400 127.404542 0.700509 121.693962
0.348000 0.005000 0.646500 646 452 67783.157122 0.452300 149.937079 0.699865 120.534864
0.360000 0.005000 0.667100 667 454 65464.057969 0.454600 144.208849 0.681679 119.969053
