0.024000 0.005000 0.048500 48 42 967.022924 0.042700 22.673091 0.881081 289.083548
0.036000 0.005000 0.072200 72 65 1447.819150 0.065300 22.162096 0.904801 227.509394
0.048000 0.005000 0.093200 93 82 1797.481500 0.082600 21.773086 0.886332 206.066645
0.060000 0.005000 0.110700 110 99 4701.893739 0.099300 47.358046 0.897227 207.923148
0.072000 0.005000 0.142900 142 122 3780.423296 0.122500 30.850497 0.857251 184.177868
0.084000 0.005000 0.162100 162 141 4108.280446 0.141500 29.028343 0.873020 174.177337
0.096000 0.005000 0.185600 185 160 5034.980701 0.160400 31.376364 0.864276 169.043695
0.120000 0.005000 0.224700 224 194 12650.900231 0.194600 64.919483 0.866039 170.850019
0.132000 0.005000 0.252200 252 214 12884.127297 0.214600 60.202890 0.850963 159.477659
0.144000 0.005000 0.273700 273 230 13335.267003 0.230800 57.744512 0.843316 156.410481
0.168000 0.005000 0.316900 316 256 22371.878091 0.256500 87.424043 0.809460 157.244511
0.180000 0.005000 0.337200 337 256 33726.235075 0.256700 131.702507 0.761220 160.027676
0.192000 0.005000 0.361700 361 268 35018.255138 0.268800 130.102866 0.743240 155.260557
0.204000 0.005000 0.384100 384 277 40571.539759 0.277500 146.236335 0.722471 154.998959
0.228000 0.005000 0.427200 427 286 49051.386413 0.286800 171.228657 0.671381 154.149887
0.240000 0.005000 0.447400 447 286 54061.409257 0.286300 188.928834 0.640001 156.316682
0.252000 0.005000 0.468800 468 288 56126.986081 0.288500 195.795530 0.615591 154.379679
0.264000 0.005000 0.492600 492 296 63327.567237 0.296100 214.623940 0.601122 153.379251
0.276000 0.005000 0.519800 519 290 68585.013661 0.290100 237.089544 0.558093 154.984611
0.288000 0.005000 0.534200 534 301 66689.869223 0.301000 221.853776 0.563477 153.162023
0.300000 0.005000 0.557700 557 304 76360.119515 0.304600 250.894695 0.546258 152.544765
0.324000 0.005000 0.604500 604 309 83181.137580 0.309600 269.026213 0.512221 151.516664
0.336000 0.005000 0.627500 627 311 92655.681633 0.311100 298.255443 0.495851 150.953366
0.348000 0.005000 0.645500 645 310 85417.193396 0.310200 275.718465 0.480615 152.656021
0.360000 0.005000 0.657600 657 316 88921.952817 0.316700 280.237959 0.481918 150.542453
